ABS齿圈	1.00	1.00	1
VVT电磁阀	1.00	1.00	1
V型带	1.00	1.00	1
安全气囊	1.00	1.00	1
白金	1.00	1.00	1
半轴	1.00	1.00	1
保险杠	1.00	1.00	1
保险杠灯	1.00	1.00	1
保险杠盖	1.00	1.00	1
保险杠泡沫	1.00	1.00	1
保险杠支架	1.00	1.00	1
保险丝	1.00	1.00	1
爆震传感器	1.00	1.00	1
边灯	1.00	1.00	1
变速杆防尘罩	1.00	1.00	1
变速器	1.00	1.00	1
波箱	1.00	1.00	1
变速器操纵杆头	1.00	1.00	1
变速器油泵	1.00	1.00	1
变速器油管	1.00	1.00	1
变速箱	1.00	1.00	1
变速箱垫片修理包	1.00	1.00	1
变速箱滤清器	1.00	1.00	1
变速箱滤清器修包	1.00	1.00	1
变速箱油底壳垫	1.00	1.00	1
变速箱支撑胶垫	1.00	1.00	1
玻璃	1.00	1.00	1
玻璃升降器	1.00	1.00	1
玻璃升降器开关	1.00	1.00	1
玻璃摇手	1.00	1.00	1
泊车辅助传感器	1.00	1.00	1
操纵杆头	1.00	1.00	1
侧窗	1.00	1.00	1
侧窗玻璃	1.00	1.00	1
侧围	1.00	1.00	1
插接器	1.00	1.00	1
刹车灯	1.00	1.00	1
刹车灯开关	1.00	1.00	1
刹车分泵	1.00	1.00	1
刹车分泵修理包	1.00	1.00	1
刹车感应线	1.00	1.00	1
制动鼓	1.00	1.00	1
刹车毂	1.00	1.00	1
刹车锅	1.00	1.00	1
刹车鼓	1.00	1.00	1
刹车盘	1.00	1.00	1
刹车碟	1.00	1.00	1
刹车皮碗	1.00	1.00	1
刹车片	1.00	1.00	1
刹车皮	1.00	1.00	1
盘式片	1.00	1.00	1
刹车钳	1.00	1.00	1
刹车软管	1.00	1.00	1
制动蹄总成	1.00	1.00	1
刹车蹄片	1.00	1.00	1
刹车调整臂	1.00	1.00	1
刹车线	1.00	1.00	1
刹车助力泵	1.00	1.00	1
制动助力器	1.00	1.00	1
刹车助力器	1.00	1.00	1
刹车总泵	1.00	1.00	1
刹车总泵修理包	1.00	1.00	1
车轮盖	1.00	1.00	1
车门	1.00	1.00	1
车门锁	1.00	1.00	1
车身	1.00	1.00	1
衬套	1.00	1.00	1
齿轮	1.00	1.00	1
除雾	1.00	1.00	1
传动胶	1.00	1.00	1
传动系	1.00	1.00	1
传动轴轴承	1.00	1.00	1
传感器	1.00	1.00	1
窗户密封胶条	1.00	1.00	1
大灯	1.00	1.00	1
大灯玻璃	1.00	1.00	1
大灯开关	1.00	1.00	1
大灯支架	1.00	1.00	1
怠速控制阀	1.00	1.00	1
单向齿	1.00	1.00	1
弹簧	1.00	1.00	1
弹簧托架	1.00	1.00	1
弹簧座	1.00	1.00	1
挡风	1.00	1.00	1
挡风玻璃	1.00	1.00	1
挡泥板	1.00	1.00	1
导带轮	1.00	1.00	1
导流板	1.00	1.00	1
倒车灯	1.00	1.00	1
倒车灯开关	1.00	1.00	1
倒车雷达	1.00	1.00	1
点火	1.00	1.00	1
点火白金	1.00	1.00	1
点火开关	1.00	1.00	1
点火模块	1.00	1.00	1
点火锁芯	1.00	1.00	1
点火系统	1.00	1.00	1
点火线圈	1.00	1.00	1
点烟器	1.00	1.00	1
电池	1.00	1.00	1
电磁阀	1.00	1.00	1
电磁开关	1.00	1.00	1
电器	1.00	1.00	1
电容	1.00	1.00	1
电压调节器	1.00	1.00	1
电阻	1.00	1.00	1
垫片	1.00	1.00	1
动力转向管	1.00	1.00	1
动力转向油箱	1.00	1.00	1
对中套筒	1.00	1.00	1
多楔带	1.00	1.00	1
发电机	1.00	1.00	1
发电机皮带轮	1.00	1.00	1
发动机	1.00	1.00	1
发动机垫片及缸盖	1.00	1.00	1
发动机垫片修理包	1.00	1.00	1
发动机盖	1.00	1.00	1
发动机缸盖	1.00	1.00	1
发动机支架胶垫	1.00	1.00	1
方向盘锁	1.00	1.00	1
防尘套	1.00	1.00	1
飞轮	1.00	1.00	1
废气再循环阀	1.00	1.00	1
分电器	1.00	1.00	1
分电器盖	1.00	1.00	1
分火头	1.00	1.00	1
分火线	1.00	1.00	1
分离轴	1.00	1.00	1
分离轴承	1.00	1.00	1
分离轴承座	1.00	1.00	1
风扇	1.00	1.00	1
风扇护罩	1.00	1.00	1
风扇叶	1.00	1.00	1
风扇页	1.00	1.00	1
风扇支架	1.00	1.00	1
助力水泵	1.00	1.00	1
助力泵	1.00	1.00	1
辅助水泵	1.00	1.00	1
干燥瓶	1.00	1.00	1
缸盖	1.00	1.00	1
缸盖螺栓	1.00	1.00	1
缸套	1.00	1.00	1
大灯范围调整	1.00	1.00	1
水平位置传感器	1.00	1.00	1
高度传感器	1.00	1.00	1
高压	1.00	1.00	1
高压开关	1.00	1.00	1
高压油管	1.00	1.00	1
鼓风机	1.00	1.00	1
鼓风机马达	1.00	1.00	1
鼓风机调节器	1.00	1.00	1
鼓式制动片	1.00	1.00	1
固定夹	1.00	1.00	1
管接头	1.00	1.00	1
行李箱锁	1.00	1.00	1
横拉杆总成	1.00	1.00	1
后窗玻璃	1.00	1.00	1
后窗玻璃除雾开关	1.00	1.00	1
后挡板	1.00	1.00	1
后视镜	1.00	1.00	1
后视镜镜片	1.00	1.00	1
后视镜罩	1.00	1.00	1
化油器	1.00	1.00	1
化油器垫片	1.00	1.00	1
化油器垫片修理包	1.00	1.00	1
化油器法兰	1.00	1.00	1
缓冲胶	1.00	1.00	1
换档操纵拉线	1.00	1.00	1
活塞	1.00	1.00	1
活塞环	1.00	1.00	1
活塞修理包	1.00	1.00	1
火花塞	1.00	1.00	1
火花塞胶套	1.00	1.00	1
减压盖	1.00	1.00	1
机顶胶	1.00	1.00	1
顶胶	1.00	1.00	1
机盖拉手	1.00	1.00	1
机盖拉线	1.00	1.00	1
机盖锁	1.00	1.00	1
机油	1.00	1.00	1
机油泵	1.00	1.00	1
机油泵驱动齿轮	1.00	1.00	1
机油泵驱动链条	1.00	1.00	1
机油尺导管	1.00	1.00	1
机油导流板	1.00	1.00	1
机油口盖	1.00	1.00	1
机油冷却器	1.00	1.00	1
机油格	1.00	1.00	1
机油滤	1.00	1.00	1
机油滤清器	1.00	1.00	1
机滤	1.00	1.00	1
机油滤清器壳	1.00	1.00	1
机油位置传感器	1.00	1.00	1
机油压力开关	1.00	1.00	1
继电器	1.00	1.00	1
继动器轴	1.00	1.00	1
驾驶仓	1.00	1.00	1
驾驶仓减振器	1.00	1.00	1
减振器	1.00	1.00	1
减震器	1.00	1.00	1
前减	1.00	1.00	1
前机	1.00	1.00	1
后减	1.00	1.00	1
后机	1.00	1.00	1
避震器	1.00	1.00	1
避震机	1.00	1.00	1
减振器防尘罩	1.00	1.00	1
减振器平面轴承	1.00	1.00	1
减振器气囊	1.00	1.00	1
减震器弹簧座	1.00	1.00	1
胶套	1.00	1.00	1
角灯	1.00	1.00	1
角灯玻璃	1.00	1.00	1
节气门	1.00	1.00	1
节气门位置传感器	1.00	1.00	1
节温器	1.00	1.00	1
节温器盖	1.00	1.00	1
紧链器	1.00	1.00	1
进气管	1.00	1.00	1
进气管垫	1.00	1.00	1
进气管修包	1.00	1.00	1
进气门	1.00	1.00	1
警告灯开关	1.00	1.00	1
镜片	1.00	1.00	1
开关	1.00	1.00	1
空滤器缓冲胶	1.00	1.00	1
空气泵	1.00	1.00	1
空气流量计	1.00	1.00	1
空气格	1.00	1.00	1
空气滤清器	1.00	1.00	1
空滤	1.00	1.00	1
空调冷凝器	1.00	1.00	1
空调格	1.00	1.00	1
空调滤	1.00	1.00	1
空调滤清器	1.00	1.00	1
三角臂	1.00	1.00	1
上摆臂	1.00	1.00	1
下摆臂	1.00	1.00	1
控制臂	1.00	1.00	1
摆臂	1.00	1.00	1
控制阀	1.00	1.00	1
拉杆	1.00	1.00	1
拉杆球头	1.00	1.00	1
拉杆调节螺栓	1.00	1.00	1
拉手	1.00	1.00	1
喇叭	1.00	1.00	1
冷却系	1.00	1.00	1
离合分泵	1.00	1.00	1
离合分泵修理包	1.00	1.00	1
离合拉线	1.00	1.00	1
离合拉线套管	1.00	1.00	1
离合器	1.00	1.00	1
离合器片	1.00	1.00	1
离合器修理包	1.00	1.00	1
离合器压盘	1.00	1.00	1
离合踏板轴	1.00	1.00	1
离合总泵	1.00	1.00	1
离合总泵修理包	1.00	1.00	1
里程表	1.00	1.00	1
里程表齿轮	1.00	1.00	1
里程表传感器	1.00	1.00	1
里程表线	1.00	1.00	1
连杆	1.00	1.00	1
零件	1.00	1.00	1
轮毂	1.00	1.00	1
轮毂轴	1.00	1.00	1
轮毂轴承	1.00	1.00	1
轮毂单元	1.00	1.00	1
轮毂轴承单元	1.00	1.00	1
轮眉	1.00	1.00	1
轮胎	1.00	1.00	1
轮胎传感器	1.00	1.00	1
轮胎螺母	1.00	1.00	1
轮胎螺栓	1.00	1.00	1
螺母	1.00	1.00	1
滤清器	1.00	1.00	1
滤清器修包	1.00	1.00	1
滤网	1.00	1.00	1
马达	1.00	1.00	1
门胶条	1.00	1.00	1
门铰	1.00	1.00	1
门控开关	1.00	1.00	1
门拉手	1.00	1.00	1
铭牌	1.00	1.00	1
模块	1.00	1.00	1
内视镜	1.00	1.00	1
扭振减震器	1.00	1.00	1
暖风开关	1.00	1.00	1
暖风水阀	1.00	1.00	1
暖气管	1.00	1.00	1
耦合器	1.00	1.00	1
排气管	1.00	1.00	1
排气管弹簧	1.00	1.00	1
排气管垫	1.00	1.00	1
排气管螺栓	1.00	1.00	1
排气门	1.00	1.00	1
排油塞	1.00	1.00	1
牌照板	1.00	1.00	1
牌照灯	1.00	1.00	1
配气机构	1.00	1.00	1
喷水电机	1.00	1.00	1
喷油嘴	1.00	1.00	1
喷嘴	1.00	1.00	1
膨胀阀	1.00	1.00	1
膨胀水箱	1.00	1.00	1
膨胀水箱盖	1.00	1.00	1
皮带轮	1.00	1.00	1
偏心轴传感器	1.00	1.00	1
平衡杆	1.00	1.00	1
平衡杆衬套	1.00	1.00	1
平衡杆衬套修理包	1.00	1.00	1
平面轴承	1.00	1.00	1
其他	1.00	1.00	1
其他拉手	1.00	1.00	1
其它	1.00	1.00	1
其它垫片	1.00	1.00	1
启动机	1.00	1.00	1
起动机	1.00	1.00	1
起动机电池	1.00	1.00	1
起动系	1.00	1.00	1
气弹簧	1.00	1.00	1
气缸垫	1.00	1.00	1
气缸床	1.00	1.00	1
汽缸垫	1.00	1.00	1
汽缸床	1.00	1.00	1
气缸盖垫片	1.00	1.00	1
气缸盖垫片修理包	1.00	1.00	1
气门导管	1.00	1.00	1
气门室	1.00	1.00	1
气门室盖垫	1.00	1.00	1
气门挺杆	1.00	1.00	1
气门挺柱	1.00	1.00	1
气门摇臂	1.00	1.00	1
气门油封	1.00	1.00	1
气囊	1.00	1.00	1
汽车空调	1.00	1.00	1
汽车空调及电器	1.00	1.00	1
汽油浮子	1.00	1.00	1
前裙	1.00	1.00	1
球笼	1.00	1.00	1
球笼防尘罩	1.00	1.00	1
球笼修理包	1.00	1.00	1
球头	1.00	1.00	1
驱动齿轮	1.00	1.00	1
驱动带	1.00	1.00	1
驱动带及装置	1.00	1.00	1
驱动链条	1.00	1.00	1
驱动轴	1.00	1.00	1
驱动轴与半轴	1.00	1.00	1
驱动轴支撑轴承	1.00	1.00	1
驱动装置	1.00	1.00	1
曲轴	1.00	1.00	1
曲轴齿轮	1.00	1.00	1
曲轴传感器	1.00	1.00	1
曲轴及凸轮轴	1.00	1.00	1
曲轴皮带轮	1.00	1.00	1
曲轴油封	1.00	1.00	1
圈状弹簧	1.00	1.00	1
汽油泵	1.00	1.00	1
燃油泵	1.00	1.00	1
汽油格	1.00	1.00	1
汽油滤	1.00	1.00	1
汽油滤清器	1.00	1.00	1
油滤	1.00	1.00	1
燃油滤清器	1.00	1.00	1
燃油系统	1.00	1.00	1
燃油压力调节器	1.00	1.00	1
热交换器	1.00	1.00	1
热敏开关	1.00	1.00	1
日间行车灯	1.00	1.00	1
软管	1.00	1.00	1
润滑系	1.00	1.00	1
三元催化器	1.00	1.00	1
散热器	1.00	1.00	1
散热器风扇	1.00	1.00	1
散热器盖	1.00	1.00	1
散热器软管	1.00	1.00	1
升降马达	1.00	1.00	1
升降器	1.00	1.00	1
十字轴	1.00	1.00	1
时规带	1.00	1.00	1
时规带修理包	1.00	1.00	1
时规导轨	1.00	1.00	1
时规控制	1.00	1.00	1
饰条	1.00	1.00	1
手柄	1.00	1.00	1
水泵	1.00	1.00	1
水管	1.00	1.00	1
水管座塞子	1.00	1.00	1
水位传感器	1.00	1.00	1
水箱胶垫	1.00	1.00	1
水箱装配盘	1.00	1.00	1
速度传感器	1.00	1.00	1
锁芯	1.00	1.00	1
踏板	1.00	1.00	1
套管	1.00	1.00	1
天线桅杆	1.00	1.00	1
调节杆	1.00	1.00	1
调节器	1.00	1.00	1
曲轴箱呼吸器	1.00	1.00	1
油水分离器	1.00	1.00	1
通风阀	1.00	1.00	1
通风管	1.00	1.00	1
呼吸阀	1.00	1.00	1
通气阀	1.00	1.00	1
凸轮轴	1.00	1.00	1
凸轮轴齿	1.00	1.00	1
凸轮轴传感器	1.00	1.00	1
托架	1.00	1.00	1
拖车盖	1.00	1.00	1
尾灯	1.00	1.00	1
尾灯玻璃	1.00	1.00	1
位置传感器	1.00	1.00	1
温度传感器	1.00	1.00	1
涡轮增压器	1.00	1.00	1
雾灯	1.00	1.00	1
雾灯开关	1.00	1.00	1
雾灯框	1.00	1.00	1
雾灯片	1.00	1.00	1
系统	1.00	1.00	1
氙气灯	1.00	1.00	1
限位缓冲块	1.00	1.00	1
线圈	1.00	1.00	1
相位传感器	1.00	1.00	1
消声器	1.00	1.00	1
消声器吊胶	1.00	1.00	1
消声器夹	1.00	1.00	1
修理包	1.00	1.00	1
悬架	1.00	1.00	1
悬架衬套	1.00	1.00	1
悬架衬套修理包	1.00	1.00	1
悬架缓冲胶	1.00	1.00	1
选档杆	1.00	1.00	1
压力传感器	1.00	1.00	1
压力真空罐	1.00	1.00	1
压盘	1.00	1.00	1
压缩机	1.00	1.00	1
烟灰盒	1.00	1.00	1
氧传感器	1.00	1.00	1
遥控器	1.00	1.00	1
叶子板	1.00	1.00	1
翼子板	1.00	1.00	1
油泵	1.00	1.00	1
油底壳	1.00	1.00	1
油底壳垫	1.00	1.00	1
油封	1.00	1.00	1
油管	1.00	1.00	1
油门线	1.00	1.00	1
油气分离器	1.00	1.00	1
油箱盖	1.00	1.00	1
油压传感器	1.00	1.00	1
雨刮	1.00	1.00	1
雨刮臂	1.00	1.00	1
雨刮开关	1.00	1.00	1
雨刮连杆	1.00	1.00	1
雨刮马达	1.00	1.00	1
雨刮片	1.00	1.00	1
预热塞	1.00	1.00	1
涨紧轮	1.00	1.00	1
涨紧轮总成	1.00	1.00	1
涨紧轮总成修理包	1.00	1.00	1
真空泵	1.00	1.00	1
真空泵修理包	1.00	1.00	1
真空助力泵	1.00	1.00	1
蒸发器	1.00	1.00	1
整流器	1.00	1.00	1
正时齿轮	1.00	1.00	1
正时链条	1.00	1.00	1
支撑胶垫	1.00	1.00	1
胶垫	1.00	1.00	1
支架	1.00	1.00	1
支架胶垫	1.00	1.00	1
机脚胶	1.00	1.00	1
止动泵	1.00	1.00	1
止推片	1.00	1.00	1
制动阀	1.00	1.00	1
制动系	1.00	1.00	1
中冷器	1.00	1.00	1
中网	1.00	1.00	1
中心拉杆	1.00	1.00	1
轴承	1.00	1.00	1
轴承修理包	1.00	1.00	1
轴瓦	1.00	1.00	1
转速传感器	1.00	1.00	1
转向从动臂	1.00	1.00	1
转向从动臂衬套	1.00	1.00	1
转向减振器	1.00	1.00	1
转向角传感器	1.00	1.00	1
转向节	1.00	1.00	1
转向器	1.00	1.00	1
转向器垫片修理包	1.00	1.00	1
转向器防尘套	1.00	1.00	1
转向器总成	1.00	1.00	1
转向系	1.00	1.00	1
转向信号灯	1.00	1.00	1
转向主动臂	1.00	1.00	1
转向助力泵	1.00	1.00	1
总成	1.00	1.00	1
组合开关	1.00	1.00	1
AC	1.00	1.00	1
AIXAM	1.00	1.00	1
ARO	1.00	1.00	1
ASIA MOTORS	1.00	1.00	1
ASUNA	1.00	1.00	1
AUTOBIANCHI	1.00	1.00	1
AVANTI	1.00	1.00	1
BARKAS	1.00	1.00	1
BBDC	1.00	1.00	1
BITTER	1.00	1.00	1
BRISTOL	1.00	1.00	1
BUGATTI	1.00	1.00	1
CARBODIES	1.00	1.00	1
CATERHAM	1.00	1.00	1
CODA	1.00	1.00	1
DALLAS	1.00	1.00	1
DANGEL	1.00	1.00	1
DETOMASO	1.00	1.00	1
DR	1.00	1.00	1
EUNOS	1.00	1.00	1
EXCALIBUR	1.00	1.00	1
FISKER	1.00	1.00	1
GIANT	1.00	1.00	1
GIANT MOTORS	1.00	1.00	1
GINETTA	1.00	1.00	1
GME	1.00	1.00	1
HOBBYCAR	1.00	1.00	1
HUATAI	1.00	1.00	1
INNOCENTI	1.00	1.00	1
INTERNATIONAL	1.00	1.00	1
IRMSCHER	1.00	1.00	1
ISH	1.00	1.00	1
IZHMASH	1.00	1.00	1
JENSEN	1.00	1.00	1
KENWORTH	1.00	1.00	1
KTM	1.00	1.00	1
LAFORZA	1.00	1.00	1
LDV	1.00	1.00	1
LIGIER	1.00	1.00	1
LTI	1.00	1.00	1
MACK	1.00	1.00	1
MAHINDRA	1.00	1.00	1
MARUTI	1.00	1.00	1
MEGA	1.00	1.00	1
METROCAB	1.00	1.00	1
MIDDLEBRIDGE	1.00	1.00	1
MINELLI	1.00	1.00	1
MORGAN	1.00	1.00	1
MOTORS	1.00	1.00	1
OLTCIT	1.00	1.00	1
OM	1.00	1.00	1
PANOZ	1.00	1.00	1
PANTHER	1.00	1.00	1
PASSPORT	1.00	1.00	1
PIAGGIO	1.00	1.00	1
PREMIER	1.00	1.00	1
PUCH	1.00	1.00	1
QVALE	1.00	1.00	1
RAM	1.00	1.00	1
RAYTON	1.00	1.00	1
RELIANT	1.00	1.00	1
SAIPA	1.00	1.00	1
SALEEN	1.00	1.00	1
SANTANA	1.00	1.00	1
SAO	1.00	1.00	1
SHELBY	1.00	1.00	1
SMART	1.00	1.00	1
SRT	1.00	1.00	1
TALBOT	1.00	1.00	1
TESLA	1.00	1.00	1
TRABANT	1.00	1.00	1
TVR	1.00	1.00	1
UAZ	1.00	1.00	1
UD	1.00	1.00	1
UMM	1.00	1.00	1
VPG	1.00	1.00	1
WARTBURG	1.00	1.00	1
WESTFIELD	1.00	1.00	1
WINNEBAGO	1.00	1.00	1
YEMA AUTO	1.00	1.00	1
YUGO	1.00	1.00	1
YULON	1.00	1.00	1
ZASTAVA	1.00	1.00	1
ZAZ	1.00	1.00	1
ABARTH	1.00	1.00	1
阿巴斯	1.00	1.00	1
ALPINA	1.00	1.00	1
阿尔宾娜	1.00	1.00	1
ALFA	1.00	1.00	1
阿尔法	1.00	1.00	1
ALPINE	1.00	1.00	1
阿尔派	1.00	1.00	1
ASTON	1.00	1.00	1
阿斯顿	1.00	1.00	1
ANCHI	1.00	1.00	1
安驰	1.00	1.00	1
AUDI	1.00	1.00	1
奥迪	1.00	1.00	1
AUSTIN	1.00	1.00	1
奥斯汀	1.00	1.00	1
OLDSMOBILE	1.00	1.00	1
奥兹莫比尔	1.00	1.00	1
宝骏	1.00	1.00	1
BAOLONG	1.00	1.00	1
宝龙	1.00	1.00	1
BMW	1.00	1.00	1
宝马	1.00	1.00	1
PROTON	1.00	1.00	1
宝腾	1.00	1.00	1
PORSCHE	1.00	1.00	1
保时捷	1.00	1.00	1
BEIJING	1.00	1.00	1
北京	1.00	1.00	1
北京奔驰	1.00	1.00	1
北京吉普	1.00	1.00	1
北京克莱斯勒	1.00	1.00	1
北京汽车	1.00	1.00	1
BAW	1.00	1.00	1
北京汽车制造厂	1.00	1.00	1
北京现代	1.00	1.00	1
PERODUA	1.00	1.00	1
北鹿大	1.00	1.00	1
BAIC	1.00	1.00	1
北汽	1.00	1.00	1
北汽制造	1.00	1.00	1
北汽幻速	1.00	1.00	1
北汽绅宝	1.00	1.00	1
北汽威旺	1.00	1.00	1
北汽新能源	1.00	1.00	1
北汽银翔	1.00	1.00	1
BEDFORD	1.00	1.00	1
贝德福德	1.00	1.00	1
奔驰	1.00	1.00	1
梅塞德斯	1.00	1.00	1
BESTURN	1.00	1.00	1
奔腾	1.00	1.00	1
HONDA	1.00	1.00	1
本田	1.00	1.00	1
BYD	1.00	1.00	1
比亚迪	1.00	1.00	1
比亚迪戴姆勒	1.00	1.00	1
PETERBILT	1.00	1.00	1
彼得比尔特	1.00	1.00	1
PEUGEOT	1.00	1.00	1
标致	1.00	1.00	1
标致汽车	1.00	1.00	1
BUICK	1.00	1.00	1
别克	1.00	1.00	1
BENTLEY	1.00	1.00	1
宾利	1.00	1.00	1
BERTONE	1.00	1.00	1
博通	1.00	1.00	1
CHANGHE	1.00	1.00	1
昌河	1.00	1.00	1
昌河铃木	1.00	1.00	1
昌河汽车	1.00	1.00	1
成功	1.00	1.00	1
成功汽车	1.00	1.00	1
CHENGLONG	1.00	1.00	1
乘龙	1.00	1.00	1
乘龙汽车	1.00	1.00	1
DFPV	1.00	1.00	1
乘用车	1.00	1.00	1
传祺	1.00	1.00	1
DAF	1.00	1.00	1
达夫	1.00	1.00	1
达福	1.00	1.00	1
DACIA	1.00	1.00	1
达西亚	1.00	1.00	1
DADI	1.00	1.00	1
大迪	1.00	1.00	1
DAIHATSU	1.00	1.00	1
大发	1.00	1.00	1
MAXUS	1.00	1.00	1
大通	1.00	1.00	1
DAEWOO	1.00	1.00	1
大宇	1.00	1.00	1
VOLKSWAGEN	1.00	1.00	1
VW	1.00	1.00	1
大众	1.00	1.00	1
DAIMLER	1.00	1.00	1
戴姆勒	1.00	1.00	1
DODGE	1.00	1.00	1
道奇	1.00	1.00	1
DEUTZ	1.00	1.00	1
道依茨	1.00	1.00	1
DEUTZ-FAHR	1.00	1.00	1
道依茨-法尔	1.00	1.00	1
帝豪	1.00	1.00	1
CAPSA	1.00	1.00	1
DS	1.00	1.00	1
谛艾仕	1.00	1.00	1
DFAC	1.00	1.00	1
DFL	1.00	1.00	1
DONGFENG	1.00	1.00	1
东风	1.00	1.00	1
东风本田	1.00	1.00	1
东风标致	1.00	1.00	1
东风乘用车	1.00	1.00	1
东风风度	1.00	1.00	1
东风风光	1.00	1.00	1
FENGXING	1.00	1.00	1
东风风行	1.00	1.00	1
东风风神	1.00	1.00	1
东风雷诺	1.00	1.00	1
东风汽车	1.00	1.00	1
东风日产	1.00	1.00	1
东风小康	1.00	1.00	1
东风雪铁龙	1.00	1.00	1
东风英菲尼迪	1.00	1.00	1
DFYL-LUXGEN	1.00	1.00	1
东风裕隆	1.00	1.00	1
东风悦达起亚	1.00	1.00	1
SOUEAST	1.00	1.00	1
东南	1.00	1.00	1
东南汽车	1.00	1.00	1
FAHR	1.00	1.00	1
法尔	1.00	1.00	1
FERRARI	1.00	1.00	1
法拉利	1.00	1.00	1
FEIDI	1.00	1.00	1
UFO	1.00	1.00	1
飞碟	1.00	1.00	1
JEEP	1.00	1.00	1
菲克	1.00	1.00	1
FIAT	1.00	1.00	1
菲亚特	1.00	1.00	1
FENDT	1.00	1.00	1
芬特	1.00	1.00	1
TOYOTA	1.00	1.00	1
丰田	1.00	1.00	1
风度	1.00	1.00	1
风光	1.00	1.00	1
风行	1.00	1.00	1
FENGSHEN	1.00	1.00	1
风神	1.00	1.00	1
FUSO	1.00	1.00	1
扶桑	1.00	1.00	1
福建	1.00	1.00	1
福建奔驰	1.00	1.00	1
FREIGHTLINER	1.00	1.00	1
福莱纳	1.00	1.00	1
福汽	1.00	1.00	1
福汽启腾	1.00	1.00	1
福汽新龙马	1.00	1.00	1
FORD	1.00	1.00	1
福特	1.00	1.00	1
FOTON	1.00	1.00	1
福田	1.00	1.00	1
富豪	1.00	1.00	1
FUQI	1.00	1.00	1
富奇	1.00	1.00	1
GAZ	1.00	1.00	1
高尔基	1.00	1.00	1
观致	1.00	1.00	1
观致汽车	1.00	1.00	1
MITSUOKA	1.00	1.00	1
光冈	1.00	1.00	1
广汽	1.00	1.00	1
广汽本田	1.00	1.00	1
广汽乘用车	1.00	1.00	1
TRUMPCHI	1.00	1.00	1
广汽传祺	1.00	1.00	1
广汽菲克JEEP	1.00	1.00	1
广汽菲亚特	1.00	1.00	1
广汽丰田	1.00	1.00	1
广汽吉奥	1.00	1.00	1
广汽讴歌	1.00	1.00	1
广汽三菱	1.00	1.00	1
广汽中兴	1.00	1.00	1
广州汽车	1.00	1.00	1
HARBIN	1.00	1.00	1
哈尔滨	1.00	1.00	1
HAFEI	1.00	1.00	1
哈飞	1.00	1.00	1
哈飞汽车	1.00	1.00	1
HAVAL	1.00	1.00	1
哈弗	1.00	1.00	1
海格	1.00	1.00	1
海马	1.00	1.00	1
海马汽车	1.00	1.00	1
海马郑州	1.00	1.00	1
HAINAN	1.00	1.00	1
海南	1.00	1.00	1
海南马自达	1.00	1.00	1
HANJIANG	1.00	1.00	1
汉江	1.00	1.00	1
HUMMER	1.00	1.00	1
悍马	1.00	1.00	1
HONGQI	1.00	1.00	1
红旗	1.00	1.00	1
BRILLIANCE	1.00	1.00	1
华晨	1.00	1.00	1
华晨宝马	1.00	1.00	1
华晨金杯	1.00	1.00	1
华晨中华	1.00	1.00	1
HUALI	1.00	1.00	1
华利	1.00	1.00	1
华普	1.00	1.00	1
FSO	1.00	1.00	1
华沙	1.00	1.00	1
华泰	1.00	1.00	1
华泰汽车	1.00	1.00	1
华泰新能源	1.00	1.00	1
HUANSU	1.00	1.00	1
幻速	1.00	1.00	1
黄海	1.00	1.00	1
HOLDEN	1.00	1.00	1
霍顿	1.00	1.00	1
GAC	1.00	1.00	1
GONOW	1.00	1.00	1
吉奥	1.00	1.00	1
GEELY	1.00	1.00	1
吉利	1.00	1.00	1
吉利汽车	1.00	1.00	1
吉林	1.00	1.00	1
GMC	1.00	1.00	1
吉姆西	1.00	1.00	1
吉普	1.00	1.00	1
GEO	1.00	1.00	1
吉优	1.00	1.00	1
集团	1.00	1.00	1
JAC	1.00	1.00	1
江淮	1.00	1.00	1
江淮汽车	1.00	1.00	1
JMC	1.00	1.00	1
江铃	1.00	1.00	1
江铃福特	1.00	1.00	1
江铃集团轻汽	1.00	1.00	1
江铃汽车	1.00	1.00	1
JIANGNAN	1.00	1.00	1
江南	1.00	1.00	1
江西	1.00	1.00	1
江西五十铃	1.00	1.00	1
JAGUAR	1.00	1.00	1
捷豹	1.00	1.00	1
JIEFANG	1.00	1.00	1
解放	1.00	1.00	1
JINBEI	1.00	1.00	1
金杯	1.00	1.00	1
金龙	1.00	1.00	1
精灵	1.00	1.00	1
TRUCKS	1.00	1.00	1
卡车	1.00	1.00	1
KAMAZ	1.00	1.00	1
卡玛斯	1.00	1.00	1
KARRY	1.00	1.00	1
开瑞	1.00	1.00	1
开瑞汽车	1.00	1.00	1
CADILLAC	1.00	1.00	1
凯迪拉克	1.00	1.00	1
CASE	1.00	1.00	1
凯斯	1.00	1.00	1
凯旋	1.00	1.00	1
COWIN	1.00	1.00	1
凯翼	1.00	1.00	1
COWIN AUTO	1.00	1.00	1
凯翼汽车	1.00	1.00	1
CHRYSLER	1.00	1.00	1
克莱斯勒	1.00	1.00	1
LADA	1.00	1.00	1
拉达	1.00	1.00	1
LAMBORGHINI	1.00	1.00	1
兰博基尼	1.00	1.00	1
LANCIA	1.00	1.00	1
蓝旗亚	1.00	1.00	1
ROLLS-ROYCE	1.00	1.00	1
劳斯莱斯	1.00	1.00	1
LEXUS	1.00	1.00	1
雷克萨斯	1.00	1.00	1
RENAULT	1.00	1.00	1
雷诺	1.00	1.00	1
RENAULT TRUCKS	1.00	1.00	1
雷诺卡车	1.00	1.00	1
理念	1.00	1.00	1
LIFAN	1.00	1.00	1
力帆	1.00	1.00	1
LEYLAND	1.00	1.00	1
利兰	1.00	1.00	1
莲花	1.00	1.00	1
莲花汽车	1.00	1.00	1
LEOPAARD长丰	1.00	1.00	1
猎豹	1.00	1.00	1
LEOPAARD	1.00	1.00	1
猎豹汽车	1.00	1.00	1
LINCOLN	1.00	1.00	1
林肯	1.00	1.00	1
SUZUKI	1.00	1.00	1
铃木	1.00	1.00	1
柳州	1.00	1.00	1
WULING	1.00	1.00	1
柳州五菱	1.00	1.00	1
陆风	1.00	1.00	1
陆风汽车	1.00	1.00	1
路虎	1.00	1.00	1
LOTUS	1.00	1.00	1
路特斯	1.00	1.00	1
ROVER	1.00	1.00	1
罗孚	1.00	1.00	1
ROMEO	1.00	1.00	1
罗蜜欧	1.00	1.00	1
MARTIN	1.00	1.00	1
马丁	1.00	1.00	1
MARCOS	1.00	1.00	1
马可仕	1.00	1.00	1
马自达	1.00	1.00	1
MASERATI	1.00	1.00	1
玛莎拉蒂	1.00	1.00	1
迈巴赫	1.00	1.00	1
MCLAREN	1.00	1.00	1
迈凯伦	1.00	1.00	1
MAN	1.00	1.00	1
曼	1.00	1.00	1
MINI	1.00	1.00	1
迷你	1.00	1.00	1
MG	1.00	1.00	1
SAIC	1.00	1.00	1
名爵	1.00	1.00	1
MG (SAIC)	1.00	1.00	1
名爵(上汽)	1.00	1.00	1
MOSKVICH	1.00	1.00	1
莫斯科人	1.00	1.00	1
NAZA	1.00	1.00	1
纳莎	1.00	1.00	1
WORKHORSE	1.00	1.00	1
纳威司达	1.00	1.00	1
LUXGEN	1.00	1.00	1
纳智捷	1.00	1.00	1
NANJING	1.00	1.00	1
南京	1.00	1.00	1
南京菲亚特	1.00	1.00	1
MG (NANJING)	1.00	1.00	1
南京名爵	1.00	1.00	1
NEOPLAN	1.00	1.00	1
尼奥普兰	1.00	1.00	1
ACURA	1.00	1.00	1
讴歌	1.00	1.00	1
阿库拉	1.00	1.00	1
OPEL	1.00	1.00	1
欧宝	1.00	1.00	1
欧朗	1.00	1.00	1
PONTIAC	1.00	1.00	1
庞蒂克	1.00	1.00	1
PININFARINA	1.00	1.00	1
平尼法瑞那	1.00	1.00	1
PLYMOUTH	1.00	1.00	1
普利茅斯	1.00	1.00	1
OTHERS	1.00	1.00	1
其他车型	1.00	1.00	1
CHERY	1.00	1.00	1
奇瑞	1.00	1.00	1
奇瑞捷豹路虎	1.00	1.00	1
奇瑞汽车	1.00	1.00	1
VENUCIA	1.00	1.00	1
启辰	1.00	1.00	1
启腾	1.00	1.00	1
KIA	1.00	1.00	1
起亚	1.00	1.00	1
汽车	1.00	1.00	1
强鹿	1.00	1.00	1
轻汽	1.00	1.00	1
QINGLING	1.00	1.00	1
庆铃	1.00	1.00	1
庆铃汽车	1.00	1.00	1
GLEAGLE	1.00	1.00	1
全球鹰	1.00	1.00	1
NISSAN	1.00	1.00	1
尼桑	1.00	1.00	1
日产	1.00	1.00	1
HINO	1.00	1.00	1
日野	1.00	1.00	1
荣威	1.00	1.00	1
上海荣威	1.00	1.00	1
瑞麒	1.00	1.00	1
SAAB	1.00	1.00	1
萨博	1.00	1.00	1
SCION	1.00	1.00	1
赛恩	1.00	1.00	1
MITSUBISHI	1.00	1.00	1
三菱	1.00	1.00	1
东南三菱	1.00	1.00	1
三菱扶桑	1.00	1.00	1
陕汽	1.00	1.00	1
陕汽通家	1.00	1.00	1
上海	1.00	1.00	1
上海大众	1.00	1.00	1
上汽	1.00	1.00	1
上汽大通	1.00	1.00	1
上汽大众	1.00	1.00	1
上汽大众斯柯达	1.00	1.00	1
上汽集团	1.00	1.00	1
上汽通用别克	1.00	1.00	1
上汽通用凯迪拉克	1.00	1.00	1
上汽通用五菱	1.00	1.00	1
上汽通用五菱雪佛兰	1.00	1.00	1
上汽通用雪佛兰	1.00	1.00	1
绅宝	1.00	1.00	1
SPYKER	1.00	1.00	1
世爵	1.00	1.00	1
SHUGUANG	1.00	1.00	1
曙光	1.00	1.00	1
曙光汽车	1.00	1.00	1
SHUANGHUAN	1.00	1.00	1
双环	1.00	1.00	1
SSANG YONG	1.00	1.00	1
双龙	1.00	1.00	1
双龙汽车	1.00	1.00	1
水星	1.00	1.00	1
SUBARU	1.00	1.00	1
斯巴鲁	1.00	1.00	1
SCANIA	1.00	1.00	1
斯堪尼亚	1.00	1.00	1
SKODA	1.00	1.00	1
斯柯达	1.00	1.00	1
斯柯达(上海大众)	1.00	1.00	1
STERLING	1.00	1.00	1
斯特林	1.00	1.00	1
四川	1.00	1.00	1
四川现代	1.00	1.00	1
苏州金龙	1.00	1.00	1
TATA	1.00	1.00	1
塔塔	1.00	1.00	1
腾势	1.00	1.00	1
天津	1.00	1.00	1
天津一汽	1.00	1.00	1
TIANMA	1.00	1.00	1
天马	1.00	1.00	1
通家	1.00	1.00	1
SGM	1.00	1.00	1
TONGTIAN	1.00	1.00	1
通田	1.00	1.00	1
GM	1.00	1.00	1
通用	1.00	1.00	1
SATURN	1.00	1.00	1
土星	1.00	1.00	1
WANFENG	1.00	1.00	1
万丰	1.00	1.00	1
RELY	1.00	1.00	1
威麟	1.00	1.00	1
WEIWANG	1.00	1.00	1
威旺	1.00	1.00	1
WIESMANN	1.00	1.00	1
威兹曼	1.00	1.00	1
潍柴	1.00	1.00	1
潍柴汽车	1.00	1.00	1
ENRANGER	1.00	1.00	1
潍柴英致	1.00	1.00	1
VOLVO	1.00	1.00	1
沃尔沃	1.00	1.00	1
沃尔沃亚太	1.00	1.00	1
VAUXHALL	1.00	1.00	1
沃克斯豪尔	1.00	1.00	1
五菱	1.00	1.00	1
五菱汽车	1.00	1.00	1
五十铃	1.00	1.00	1
SEAT	1.00	1.00	1
西雅特	1.00	1.00	1
HYUNDAI	1.00	1.00	1
现代	1.00	1.00	1
现代汽车	1.00	1.00	1
小康	1.00	1.00	1
FORTA	1.00	1.00	1
新福达	1.00	1.00	1
XINKAI	1.00	1.00	1
新凯	1.00	1.00	1
新龙马	1.00	1.00	1
BJEV	1.00	1.00	1
新能源	1.00	1.00	1
CHEVROLET	1.00	1.00	1
雪佛兰	1.00	1.00	1
CITROEN	1.00	1.00	1
雪铁龙	1.00	1.00	1
ASIA	1.00	1.00	1
亚太	1.00	1.00	1
野马	1.00	1.00	1
野马汽车	1.00	1.00	1
FAW	1.00	1.00	1
一汽	1.00	1.00	1
一汽奥迪	1.00	1.00	1
一汽奔腾	1.00	1.00	1
一汽大众	1.00	1.00	1
一汽丰田	1.00	1.00	1
一汽哈尔滨	1.00	1.00	1
一汽红旗	1.00	1.00	1
一汽吉林	1.00	1.00	1
一汽吉林大发	1.00	1.00	1
一汽马自达	1.00	1.00	1
一汽欧朗	1.00	1.00	1
一汽天津	1.00	1.00	1
IRISBUS	1.00	1.00	1
伊萨客车	1.00	1.00	1
IVECO	1.00	1.00	1
依维柯	1.00	1.00	1
YINXIANG	1.00	1.00	1
银翔	1.00	1.00	1
INFINITI	1.00	1.00	1
英菲尼迪	1.00	1.00	1
英伦	1.00	1.00	1
英伦（吉利）	1.00	1.00	1
英致	1.00	1.00	1
EAGLE	1.00	1.00	1
鹰	1.00	1.00	1
驭胜	1.00	1.00	1
裕隆	1.00	1.00	1
悦达起亚	1.00	1.00	1
YUEJIN	1.00	1.00	1
跃进	1.00	1.00	1
YUNQUE	1.00	1.00	1
云雀	1.00	1.00	1
CHANGAN	1.00	1.00	1
长安	1.00	1.00	1
长安标致雪铁龙	1.00	1.00	1
长安福特	1.00	1.00	1
长安铃木	1.00	1.00	1
长安马自达	1.00	1.00	1
长安汽车	1.00	1.00	1
长安沃尔沃	1.00	1.00	1
长城	1.00	1.00	1
长城汽车	1.00	1.00	1
CHANGFENG	1.00	1.00	1
长丰	1.00	1.00	1
ZHENGZHOU	1.00	1.00	1
郑州	1.00	1.00	1
郑州日产	1.00	1.00	1
制造厂	1.00	1.00	1
中国一汽	1.00	1.00	1
ZHONGHUA	1.00	1.00	1
中华	1.00	1.00	1
ZHONGXING	1.00	1.00	1
ZTE	1.00	1.00	1
中兴	1.00	1.00	1
中兴汽车	1.00	1.00	1
ZOTYE	1.00	1.00	1
众泰	1.00	1.00	1
众泰汽车	1.00	1.00	1
重庆	1.00	1.00	1
重庆力帆	1.00	1.00	1
12座	1.00	1.00	1
14座	1.00	1.00	1
2AT	1.00	1.00	1
2门2座	1.00	1.00	1
2门4座	1.00	1.00	1
2门5座	1.00	1.00	1
2座	1.00	1.00	1
3AT	1.00	1.00	1
3门2座	1.00	1.00	1
3门4座	1.00	1.00	1
3门5座	1.00	1.00	1
3门8座	1.00	1.00	1
4A/MT	1.00	1.00	1
4AT	1.00	1.00	1
4MT	1.00	1.00	1
4门11座	1.00	1.00	1
4门4-5座	1.00	1.00	1
4门4座SUV	1.00	1.00	1
4门5座	1.00	1.00	1
4门7座	1.00	1.00	1
4门9座	1.00	1.00	1
4门三厢	1.00	1.00	1
4门三厢车	1.00	1.00	1
4座	1.00	1.00	1
5A/MT	1.00	1.00	1
5AT	1.00	1.00	1
5DCT	1.00	1.00	1
5MT	1.00	1.00	1
5TA	1.00	1.00	1
5挡手自一体	1.00	1.00	1
5门10座	1.00	1.00	1
5门11座	1.00	1.00	1
5门12座	1.00	1.00	1
5门13座	1.00	1.00	1
5门4座	1.00	1.00	1
5门5座	1.00	1.00	1
5门7座	1.00	1.00	1
5门8座	1.00	1.00	1
5门9座	1.00	1.00	1
5门SUV	1.00	1.00	1
5座	1.00	1.00	1
6-8座客车	1.00	1.00	1
6-8座微面	1.00	1.00	1
6A/MT	1.00	1.00	1
6ASG	1.00	1.00	1
6AT	1.00	1.00	1
6CVT	1.00	1.00	1
6DCT	1.00	1.00	1
6MT	1.00	1.00	1
6挡双离合	1.00	1.00	1
6门5座两厢车	1.00	1.00	1
6门7座MPV	1.00	1.00	1
7-8座微面	1.00	1.00	1
7-9座微面	1.00	1.00	1
7A/MT	1.00	1.00	1
7AT	1.00	1.00	1
7CVT	1.00	1.00	1
7DCT	1.00	1.00	1
7座	1.00	1.00	1
7座MPV	1.00	1.00	1
7座微面	1.00	1.00	1
8,9座轻客	1.00	1.00	1
8A/MT	1.00	1.00	1
8AT	1.00	1.00	1
8CVT	1.00	1.00	1
8DCT	1.00	1.00	1
8座	1.00	1.00	1
9A/MT	1.00	1.00	1
A/MT	1.00	1.00	1
AT	1.00	1.00	1
CNG	1.00	1.00	1
CVT	1.00	1.00	1
E-CVT	1.00	1.00	1
LPG	1.00	1.00	1
MPV	1.00	1.00	1
MT	1.00	1.00	1
SUV	1.00	1.00	1
插电式混合动力	1.00	1.00	1
柴油	1.00	1.00	1
敞篷车	1.00	1.00	1
纯电动	1.00	1.00	1
单排	1.00	1.00	1
单排座	1.00	1.00	1
单速	1.00	1.00	1
的士	1.00	1.00	1
电	1.00	1.00	1
电动车单速	1.00	1.00	1
电混合动力	1.00	1.00	1
电子驻车	1.00	1.00	1
电子驻车制动	1.00	1.00	1
多功能皮卡	1.00	1.00	1
房车	1.00	1.00	1
鼓式	1.00	1.00	1
后置后驱	1.00	1.00	1
后置四驱	1.00	1.00	1
混合动力	1.00	1.00	1
货车	1.00	1.00	1
脚刹	1.00	1.00	1
轿车	1.00	1.00	1
客车	1.00	1.00	1
两厢	1.00	1.00	1
两厢车	1.00	1.00	1
旅行车	1.00	1.00	1
盘式	1.00	1.00	1
跑车 	1.00	1.00	1
皮卡	1.00	1.00	1
汽油	1.00	1.00	1
汽油和NG	1.00	1.00	1
前轮驱动	1.00	1.00	1
前置后驱	1.00	1.00	1
前置前驱	1.00	1.00	1
前置四驱	1.00	1.00	1
轻客	1.00	1.00	1
软顶	1.00	1.00	1
三厢车	1.00	1.00	1
手刹	1.00	1.00	1
双电机四驱	1.00	1.00	1
双排	1.00	1.00	1
陶瓷	1.00	1.00	1
天然气	1.00	1.00	1
通风	1.00	1.00	1
通风盘式	1.00	1.00	1
微卡	1.00	1.00	1
微面	1.00	1.00	1
掀背车	1.00	1.00	1
厢式车	1.00	1.00	1
箱式	1.00	1.00	1
液化石油气	1.00	1.00	1
硬顶	1.00	1.00	1
油电混合	1.00	1.00	1
油气混合动力	1.00	1.00	1
增程式	1.00	1.00	1
中置后驱	1.00	1.00	1
中置前驱	1.00	1.00	1
中置四驱	1.00	1.00	1
1系	1.00	1.00	1
205	1.00	1.00	1
206	1.00	1.00	1
207	1.00	1.00	1
301	1.00	1.00	1
306	1.00	1.00	1
307	1.00	1.00	1
308	1.00	1.00	1
320	1.00	1.00	1
330	1.00	1.00	1
407	1.00	1.00	1
408	1.00	1.00	1
500	1.00	1.00	1
508	1.00	1.00	1
520	1.00	1.00	1
530	1.00	1.00	1
607	1.00	1.00	1
620	1.00	1.00	1
630	1.00	1.00	1
720	1.00	1.00	1
727	1.00	1.00	1
737	1.00	1.00	1
820	1.00	1.00	1
911	1.00	1.00	1
991	1.00	1.00	1
997	1.00	1.00	1
2008	1.00	1.00	1
3008	1.00	1.00	1
4008	1.00	1.00	1
1 SERIES	1.00	1.00	1
2 SERIES	1.00	1.00	1
2.2L	1.00	1.00	1
2.4T	1.00	1.00	1
2.8T	1.00	1.00	1
206CC	1.00	1.00	1
207CC	1.00	1.00	1
2系	1.00	1.00	1
3 SERIES	1.00	1.00	1
300C	1.00	1.00	1
306EV	1.00	1.00	1
307CC	1.00	1.00	1
307EV	1.00	1.00	1
307SW	1.00	1.00	1
308CC	1.00	1.00	1
308S	1.00	1.00	1
308SW	1.00	1.00	1
3200GT	1.00	1.00	1
350Z	1.00	1.00	1
370Z	1.00	1.00	1
3C	1.00	1.00	1
3系	1.00	1.00	1
4 SERIES	1.00	1.00	1
407SW	1.00	1.00	1
4E	1.00	1.00	1
4G	1.00	1.00	1
4H	1.00	1.00	1
4L	1.00	1.00	1
4M	1.00	1.00	1
4系	1.00	1.00	1
5 SERIES	1.00	1.00	1
520I	1.00	1.00	1
5系	1.00	1.00	1
6 SERIES	1.00	1.00	1
6R	1.00	1.00	1
6系	1.00	1.00	1
7 SERIES	1.00	1.00	1
7系	1.00	1.00	1
8F7	1.00	1.00	1
8J3	1.00	1.00	1
8J9	1.00	1.00	1
8N3	1.00	1.00	1
8N9	1.00	1.00	1
8R	1.00	1.00	1
8T3	1.00	1.00	1
8TA	1.00	1.00	1
8U	1.00	1.00	1
8VS	1.00	1.00	1
9N3	1.00	1.00	1
A1	1.00	1.00	1
A18	1.00	1.00	1
A19	1.00	1.00	1
A207	1.00	1.00	1
A209	1.00	1.00	1
A21FL-C	1.00	1.00	1
A3	1.00	1.00	1
A30	1.00	1.00	1
A4	1.00	1.00	1
A4L	1.00	1.00	1
A5	1.00	1.00	1
A6	1.00	1.00	1
A60	1.00	1.00	1
A6L	1.00	1.00	1
A7	1.00	1.00	1
A8	1.00	1.00	1
A8L	1.00	1.00	1
A9	1.00	1.00	1
ACCENT	1.00	1.00	1
ACCORD	1.00	1.00	1
A-CLASS	1.00	1.00	1
ACTYON	1.00	1.00	1
ADMIRAL	1.00	1.00	1
AGILA	1.00	1.00	1
AISHAN	1.00	1.00	1
ALHAMBRA	1.00	1.00	1
ALIVIO	1.00	1.00	1
ALPHARD	1.00	1.00	1
ALTO	1.00	1.00	1
AMG	1.00	1.00	1
AMG GT	1.00	1.00	1
ANTARA	1.00	1.00	1
AO JUN	1.00	1.00	1
AO LONG	1.00	1.00	1
ARRIZO	1.00	1.00	1
ASTRA	1.00	1.00	1
ASX	1.00	1.00	1
ASX劲炫	1.00	1.00	1
ATENZA	1.00	1.00	1
ATS	1.00	1.00	1
ATS-L	1.00	1.00	1
AVANCIER	1.00	1.00	1
AVENGER	1.00	1.00	1
AVEO	1.00	1.00	1
AX3	1.00	1.00	1
AX5	1.00	1.00	1
AX7	1.00	1.00	1
AXELA	1.00	1.00	1
AZERA	1.00	1.00	1
A级	1.00	1.00	1
B11	1.00	1.00	1
B12	1.00	1.00	1
B14	1.00	1.00	1
B16	1.00	1.00	1
B21	1.00	1.00	1
B30	1.00	1.00	1
B50	1.00	1.00	1
B70	1.00	1.00	1
B90	1.00	1.00	1
BAILI	1.00	1.00	1
BAO DIAN	1.00	1.00	1
BAO WEI	1.00	1.00	1
BAOFENG GT	1.00	1.00	1
BAOJUN 310	1.00	1.00	1
BAOJUN 330	1.00	1.00	1
BAOJUN 510	1.00	1.00	1
BAOJUN 560	1.00	1.00	1
BAOJUN 610	1.00	1.00	1
BAOJUN 630	1.00	1.00	1
BAOJUN 730	1.00	1.00	1
B-CLASS	1.00	1.00	1
BEAUTY LEOPARD	1.00	1.00	1
BEETLE	1.00	1.00	1
BLUEBIRD	1.00	1.00	1
BOLIGER	1.00	1.00	1
BORA	1.00	1.00	1
BORUI GC9	1.00	1.00	1
BOXSTER	1.00	1.00	1
BOYUE	1.00	1.00	1
BRAVA	1.00	1.00	1
BRZ	1.00	1.00	1
BW007	1.00	1.00	1
B级	1.00	1.00	1
C117	1.00	1.00	1
C190	1.00	1.00	1
C197	1.00	1.00	1
C2	1.00	1.00	1
C204	1.00	1.00	1
C205	1.00	1.00	1
C207	1.00	1.00	1
C209	1.00	1.00	1
C20R	1.00	1.00	1
C216	1.00	1.00	1
C217	1.00	1.00	1
C218	1.00	1.00	1
C219	1.00	1.00	1
C292	1.00	1.00	1
C3	1.00	1.00	1
C30	1.00	1.00	1
C3R	1.00	1.00	1
C3-XR	1.00	1.00	1
C4	1.00	1.00	1
C4 AIRCROSS	1.00	1.00	1
C4 PICASSO	1.00	1.00	1
C4L	1.00	1.00	1
C4毕加索	1.00	1.00	1
C4世嘉	1.00	1.00	1
C5	1.00	1.00	1
C50	1.00	1.00	1
C6	1.00	1.00	1
C70	1.00	1.00	1
CADDY	1.00	1.00	1
CADENZA	1.00	1.00	1
CAI YUN	1.00	1.00	1
CALIBER	1.00	1.00	1
CAMARO	1.00	1.00	1
CAMRY	1.00	1.00	1
CAPTIVA	1.00	1.00	1
CAPTUR	1.00	1.00	1
CARAVAN	1.00	1.00	1
CARAVELLE	1.00	1.00	1
CARENS	1.00	1.00	1
CARNIVAL	1.00	1.00	1
CAVALIER	1.00	1.00	1
CAYENNE	1.00	1.00	1
CAYMAN	1.00	1.00	1
CC	1.00	1.00	1
C-CLASS	1.00	1.00	1
CDX	1.00	1.00	1
CEFIRO	1.00	1.00	1
CENTURY	1.00	1.00	1
CENTURY STAR	1.00	1.00	1
CERATO	1.00	1.00	1
CHAIRMAN	1.00	1.00	1
CHANG LING	1.00	1.00	1
CHEROKEE	1.00	1.00	1
CIIMO	1.00	1.00	1
CIMA	1.00	1.00	1
CITY	1.00	1.00	1
CIVIC	1.00	1.00	1
CIVILIAN	1.00	1.00	1
CL	1.00	1.00	1
CL203	1.00	1.00	1
CLA	1.00	1.00	1
CLA-CLASS	1.00	1.00	1
CLA级	1.00	1.00	1
CL-CLASS	1.00	1.00	1
CLK	1.00	1.00	1
CLK-CLASS	1.00	1.00	1
CLK级	1.00	1.00	1
CLS	1.00	1.00	1
CLS-CLASS	1.00	1.00	1
CLS级	1.00	1.00	1
CLUBMAN	1.00	1.00	1
CL级	1.00	1.00	1
CM7	1.00	1.00	1
CN050V	1.00	1.00	1
CN100	1.00	1.00	1
CN100V	1.00	1.00	1
CN101	1.00	1.00	1
CN112	1.00	1.00	1
CN113	1.00	1.00	1
CN180C	1.00	1.00	1
CN180S	1.00	1.00	1
CN200	1.00	1.00	1
CN200S	1.00	1.00	1
CN201	1.00	1.00	1
CN201S	1.00	1.00	1
CN210M	1.00	1.00	1
COASTER	1.00	1.00	1
COMMANDER	1.00	1.00	1
COMPASS	1.00	1.00	1
COOLBEAR	1.00	1.00	1
COROLLA	1.00	1.00	1
COROLLA EX	1.00	1.00	1
COUNTRYMAN	1.00	1.00	1
COUNTY	1.00	1.00	1
COUPE	1.00	1.00	1
COWRY	1.00	1.00	1
C-QUATRE	1.00	1.00	1
CRIDER	1.00	1.00	1
CROSS	1.00	1.00	1
CROSS LAVIDA	1.00	1.00	1
CROSSFIRE	1.00	1.00	1
CROSSTOUR	1.00	1.00	1
CROWN	1.00	1.00	1
CRUISER	1.00	1.00	1
CRUZE	1.00	1.00	1
CRV	1.00	1.00	1
CR-V	1.00	1.00	1
CR-Z	1.00	1.00	1
CS10	1.00	1.00	1
CS15	1.00	1.00	1
CS35	1.00	1.00	1
CS6	1.00	1.00	1
CS7	1.00	1.00	1
CS75	1.00	1.00	1
CT	1.00	1.00	1
CT5	1.00	1.00	1
CT6	1.00	1.00	1
C-TREK	1.00	1.00	1
C-TRIOMPHE	1.00	1.00	1
CTS	1.00	1.00	1
CV36	1.00	1.00	1
CX20	1.00	1.00	1
CX30	1.00	1.00	1
CX-5	1.00	1.00	1
CX-7	1.00	1.00	1
CX-9	1.00	1.00	1
C级	1.00	1.00	1
D150	1.00	1.00	1
D22	1.00	1.00	1
D50	1.00	1.00	1
D60	1.00	1.00	1
DA CHAI SHEN	1.00	1.00	1
DABAWANG	1.00	1.00	1
DAJIAOSHOU	1.00	1.00	1
DEER	1.00	1.00	1
DEFENDER	1.00	1.00	1
DELICIA	1.00	1.00	1
DEVILLE	1.00	1.00	1
DISCOVERY	1.00	1.00	1
DISCOVERY SPORT	1.00	1.00	1
DK2A	1.00	1.00	1
DM	1.00	1.00	1
D-MAX	1.00	1.00	1
DS 5LS	1.00	1.00	1
DS3	1.00	1.00	1
DS4	1.00	1.00	1
DS5	1.00	1.00	1
DS6	1.00	1.00	1
DUV	1.00	1.00	1
DX7	1.00	1.00	1
E3	1.00	1.00	1
E30	1.00	1.00	1
E350	1.00	1.00	1
E46	1.00	1.00	1
E5	1.00	1.00	1
E50	1.00	1.00	1
E53	1.00	1.00	1
E6	1.00	1.00	1
E60	1.00	1.00	1
E63	1.00	1.00	1
E64	1.00	1.00	1
E66	1.00	1.00	1
E70	1.00	1.00	1
E71	1.00	1.00	1
E72	1.00	1.00	1
E80	1.00	1.00	1
E82	1.00	1.00	1
E83	1.00	1.00	1
E84	1.00	1.00	1
E85	1.00	1.00	1
E86	1.00	1.00	1
E87	1.00	1.00	1
E88	1.00	1.00	1
E89	1.00	1.00	1
E90	1.00	1.00	1
E92	1.00	1.00	1
E93	1.00	1.00	1
EADO	1.00	1.00	1
EASTAR	1.00	1.00	1
E-CLASS	1.00	1.00	1
ECLIPSE	1.00	1.00	1
ECOSPORT	1.00	1.00	1
EDGE	1.00	1.00	1
ELANTRA	1.00	1.00	1
ELANTRA (AD)	1.00	1.00	1
ELANTRA (HD)	1.00	1.00	1
ELANTRA (MD)	1.00	1.00	1
ELYSEE	1.00	1.00	1
ELYSION	1.00	1.00	1
ENCLAVE	1.00	1.00	1
ENCORE	1.00	1.00	1
ENGLON C5	1.00	1.00	1
ENGLON TX4	1.00	1.00	1
ENVISION	1.00	1.00	1
EOS	1.00	1.00	1
EPICA	1.00	1.00	1
EQ	1.00	1.00	1
EQUUS	1.00	1.00	1
ER	1.00	1.00	1
ES	1.00	1.00	1
ES210	1.00	1.00	1
ESCALADE	1.00	1.00	1
ESCORT	1.00	1.00	1
E-SERIES	1.00	1.00	1
ESQ	1.00	1.00	1
EU SERIES	1.00	1.00	1
EU系列	1.00	1.00	1
EV SERIES	1.00	1.00	1
EVEREST	1.00	1.00	1
EV系列	1.00	1.00	1
EX	1.00	1.00	1
EX80	1.00	1.00	1
EXCELLE	1.00	1.00	1
EXCELLE (KAIYUE)	1.00	1.00	1
EXCELLE (YINGLANG)	1.00	1.00	1
EXPEDITION	1.00	1.00	1
EXPLORER	1.00	1.00	1
EZ	1.00	1.00	1
E级	1.00	1.00	1
E美	1.00	1.00	1
E系列	1.00	1.00	1
F0	1.00	1.00	1
F02	1.00	1.00	1
F04	1.00	1.00	1
F06	1.00	1.00	1
F07	1.00	1.00	1
F10	1.00	1.00	1
F11	1.00	1.00	1
F12	1.00	1.00	1
F13	1.00	1.00	1
F15	1.00	1.00	1
F-150	1.00	1.00	1
F16	1.00	1.00	1
F18	1.00	1.00	1
F20	1.00	1.00	1
F22	1.00	1.00	1
F23	1.00	1.00	1
F25	1.00	1.00	1
F26	1.00	1.00	1
F3	1.00	1.00	1
F30	1.00	1.00	1
F31	1.00	1.00	1
F32	1.00	1.00	1
F33	1.00	1.00	1
F34	1.00	1.00	1
F35	1.00	1.00	1
F36	1.00	1.00	1
F3R	1.00	1.00	1
F45	1.00	1.00	1
F46	1.00	1.00	1
F49	1.00	1.00	1
F52	1.00	1.00	1
F54	1.00	1.00	1
F55	1.00	1.00	1
F56	1.00	1.00	1
F57	1.00	1.00	1
F6	1.00	1.00	1
F80	1.00	1.00	1
F82	1.00	1.00	1
F83	1.00	1.00	1
F85	1.00	1.00	1
F86	1.00	1.00	1
F99	1.00	1.00	1
FA1	1.00	1.00	1
FABIA	1.00	1.00	1
FAMILY	1.00	1.00	1
FC1	1.00	1.00	1
FE	1.00	1.00	1
FEILING	1.00	1.00	1
FEITENG	1.00	1.00	1
FEIYANG	1.00	1.00	1
FENGGUANG 330	1.00	1.00	1
FENGGUANG 360	1.00	1.00	1
FENGGUANG 370	1.00	1.00	1
FENGHUA	1.00	1.00	1
FENGSHANG	1.00	1.00	1
FENGSHUN	1.00	1.00	1
FENGYUN	1.00	1.00	1
FIESTA	1.00	1.00	1
FIT	1.00	1.00	1
FJ	1.00	1.00	1
FJ CRUISER	1.00	1.00	1
FJ 酷路泽	1.00	1.00	1
FLORID	1.00	1.00	1
FLUENCE	1.00	1.00	1
FLYER	1.00	1.00	1
FOCUS	1.00	1.00	1
FORESTER	1.00	1.00	1
FORTE	1.00	1.00	1
FORTIS	1.00	1.00	1
FORTUNER	1.00	1.00	1
FORTWO	1.00	1.00	1
F-PACE	1.00	1.00	1
FREE CRUISER	1.00	1.00	1
FREECA	1.00	1.00	1
FREELANDER	1.00	1.00	1
FREEMONT	1.00	1.00	1
FT	1.00	1.00	1
F-TYPE	1.00	1.00	1
FU KANG	1.00	1.00	1
FUGA	1.00	1.00	1
FUKA	1.00	1.00	1
FUSHUN	1.00	1.00	1
FUYUN	1.00	1.00	1
FV3	1.00	1.00	1
FV9	1.00	1.00	1
FX	1.00	1.00	1
G10	1.00	1.00	1
G12	1.00	1.00	1
G25	1.00	1.00	1
G3	1.00	1.00	1
G35	1.00	1.00	1
G37	1.00	1.00	1
G37S	1.00	1.00	1
G3R	1.00	1.00	1
G5	1.00	1.00	1
G6	1.00	1.00	1
GA2W	1.00	1.00	1
GA5	1.00	1.00	1
GALANT	1.00	1.00	1
GAZELLE	1.00	1.00	1
GC	1.00	1.00	1
G-CLASS	1.00	1.00	1
GEELY EC8	1.00	1.00	1
GEELY GC7	1.00	1.00	1
GEELY GX2	1.00	1.00	1
GEELY GX7	1.00	1.00	1
GEELY SC3	1.00	1.00	1
GEELY SC5-RV	1.00	1.00	1
GEELY SX7	1.00	1.00	1
GENESIS	1.00	1.00	1
GHIBLI	1.00	1.00	1
GHOST	1.00	1.00	1
GIENIA	1.00	1.00	1
GJ6	1.00	1.00	1
GL	1.00	1.00	1
GL8	1.00	1.00	1
GLA	1.00	1.00	1
GLADIATUS	1.00	1.00	1
GLC	1.00	1.00	1
GLE	1.00	1.00	1
GLK	1.00	1.00	1
GLS	1.00	1.00	1
GOL	1.00	1.00	1
GOLF	1.00	1.00	1
GP	1.00	1.00	1
GP150	1.00	1.00	1
GP30	1.00	1.00	1
GP50HB	1.00	1.00	1
GP53	1.00	1.00	1
GRAN LAVIDA	1.00	1.00	1
GRAN TURISMO	1.00	1.00	1
GRANCABRIO	1.00	1.00	1
GRAND CHEROKEE	1.00	1.00	1
GRAND SANTAFE	1.00	1.00	1
GRAND TIGER	1.00	1.00	1
GRAND VITARA	1.00	1.00	1
GRAND VOYAGER	1.00	1.00	1
GRANDEUR	1.00	1.00	1
GRANDIS	1.00	1.00	1
GREIZ	1.00	1.00	1
GS	1.00	1.00	1
GS50	1.00	1.00	1
GT	1.00	1.00	1
GT-R	1.00	1.00	1
GWPERI	1.00	1.00	1
GX	1.00	1.00	1
GX3	1.00	1.00	1
GX5	1.00	1.00	1
GX6	1.00	1.00	1
G级	1.00	1.00	1
H1	1.00	1.00	1
H-1	1.00	1.00	1
H11	1.00	1.00	1
H13	1.00	1.00	1
H2	1.00	1.00	1
H220	1.00	1.00	1
H230	1.00	1.00	1
H3	1.00	1.00	1
H30	1.00	1.00	1
H320	1.00	1.00	1
H330	1.00	1.00	1
H5	1.00	1.00	1
H530	1.00	1.00	1
H5C	1.00	1.00	1
H5V	1.00	1.00	1
H6	1.00	1.00	1
H6C	1.00	1.00	1
H6V	1.00	1.00	1
H7	1.00	1.00	1
H7L	1.00	1.00	1
H7V	1.00	1.00	1
H8	1.00	1.00	1
H9	1.00	1.00	1
HAIJING	1.00	1.00	1
HAIMA 3	1.00	1.00	1
HAOQING	1.00	1.00	1
HAPPIN	1.00	1.00	1
HIACE	1.00	1.00	1
HIGHLANDER	1.00	1.00	1
HONGDA	1.00	1.00	1
HUANDONG	1.00	1.00	1
HUSHI	1.00	1.00	1
HV36	1.00	1.00	1
I01	1.00	1.00	1
I12	1.00	1.00	1
I3	1.00	1.00	1
I30	1.00	1.00	1
I8	1.00	1.00	1
IBIZA	1.00	1.00	1
I-CAR	1.00	1.00	1
IDEAL	1.00	1.00	1
IEV	1.00	1.00	1
IEV230	1.00	1.00	1
ILX	1.00	1.00	1
IMPREZA	1.00	1.00	1
INSIGHT	1.00	1.00	1
INSIGNIA	1.00	1.00	1
IS	1.00	1.00	1
ISTANA	1.00	1.00	1
IX25	1.00	1.00	1
IX35	1.00	1.00	1
J18	1.00	1.00	1
J31Z	1.00	1.00	1
J32Z	1.00	1.00	1
J50	1.00	1.00	1
J50Z	1.00	1.00	1
JA60	1.00	1.00	1
JADE	1.00	1.00	1
JETTA	1.00	1.00	1
JF	1.00	1.00	1
JF15	1.00	1.00	1
JIA FU	1.00	1.00	1
JIABAO	1.00	1.00	1
JIEFANG T80	1.00	1.00	1
JIMNY	1.00	1.00	1
JING SU	1.00	1.00	1
JING YUE	1.00	1.00	1
JINYING	1.00	1.00	1
JOURNEY	1.00	1.00	1
JOYEAR	1.00	1.00	1
JUNFENG	1.00	1.00	1
JUNFENG CV03	1.00	1.00	1
JX	1.00	1.00	1
K2	1.00	1.00	1
K3	1.00	1.00	1
K3S	1.00	1.00	1
K4	1.00	1.00	1
K5	1.00	1.00	1
K50	1.00	1.00	1
K50S	1.00	1.00	1
K9	1.00	1.00	1
KADJAR	1.00	1.00	1
KE	1.00	1.00	1
KH	1.00	1.00	1
KH6W	1.00	1.00	1
KINGKONG	1.00	1.00	1
KIZASHI	1.00	1.00	1
KOLEOS	1.00	1.00	1
KORANDO	1.00	1.00	1
KUGA	1.00	1.00	1
KUYBAO	1.00	1.00	1
KX3	1.00	1.00	1
KX5	1.00	1.00	1
KYLIN	1.00	1.00	1
KYRON	1.00	1.00	1
L3	1.00	1.00	1
L33Z	1.00	1.00	1
L5	1.00	1.00	1
L50	1.00	1.00	1
L60	1.00	1.00	1
LACROSSE	1.00	1.00	1
LAGUNA	1.00	1.00	1
LAMANDO	1.00	1.00	1
LANCER	1.00	1.00	1
LANCER EX	1.00	1.00	1
LAND CRUISER	1.00	1.00	1
LAND CRUISER PRADO	1.00	1.00	1
LANDMARK	1.00	1.00	1
LANDWIND X5	1.00	1.00	1
LANDWIND X6	1.00	1.00	1
LANDWIND X7	1.00	1.00	1
LANDWIND X8	1.00	1.00	1
LANDWIND X9	1.00	1.00	1
LANDY	1.00	1.00	1
LANNIA	1.00	1.00	1
LATITUDE	1.00	1.00	1
LAVIDA	1.00	1.00	1
LEGACY	1.00	1.00	1
LEGEND	1.00	1.00	1
LEON	1.00	1.00	1
LEVANTE	1.00	1.00	1
LEVIN	1.00	1.00	1
LFA	1.00	1.00	1
LIANA	1.00	1.00	1
LIBERTY	1.00	1.00	1
LINEA	1.00	1.00	1
LING LING	1.00	1.00	1
LINGAO	1.00	1.00	1
LINGYU	1.00	1.00	1
LINGZHI	1.00	1.00	1
LIONCEL	1.00	1.00	1
LIVINA	1.00	1.00	1
LOBO	1.00	1.00	1
LOONG	1.00	1.00	1
LS	1.00	1.00	1
LUBA	1.00	1.00	1
LULING PICKUP	1.00	1.00	1
LULING SUJUN	1.00	1.00	1
LX	1.00	1.00	1
M1	1.00	1.00	1
M150	1.00	1.00	1
M2	1.00	1.00	1
M20	1.00	1.00	1
M3	1.00	1.00	1
M30	1.00	1.00	1
M35	1.00	1.00	1
M4	1.00	1.00	1
M5	1.00	1.00	1
M50F	1.00	1.00	1
M6	1.00	1.00	1
M7	1.00	1.00	1
M70	1.00	1.00	1
M8	1.00	1.00	1
MACAN	1.00	1.00	1
MAGOTAN	1.00	1.00	1
MALIBU	1.00	1.00	1
MALIBU XL	1.00	1.00	1
MARCH	1.00	1.00	1
MASTER CEO	1.00	1.00	1
MATRIX	1.00	1.00	1
MAXIMA	1.00	1.00	1
MAZDA2	1.00	1.00	1
MAZDA3	1.00	1.00	1
MAZDA5	1.00	1.00	1
MAZDA6	1.00	1.00	1
MAZDA8	1.00	1.00	1
M-CLASS	1.00	1.00	1
MDX	1.00	1.00	1
MEGANE	1.00	1.00	1
MENGSHI	1.00	1.00	1
MERIVA	1.00	1.00	1
MERRIE	1.00	1.00	1
MG GS	1.00	1.00	1
MG GT	1.00	1.00	1
MG S3W	1.00	1.00	1
MG3	1.00	1.00	1
MG5	1.00	1.00	1
MG6	1.00	1.00	1
MG7	1.00	1.00	1
MIN SHI	1.00	1.00	1
MINYI	1.00	1.00	1
MISTRA	1.00	1.00	1
MKC	1.00	1.00	1
MKS	1.00	1.00	1
MKT	1.00	1.00	1
MKX	1.00	1.00	1
MKZ	1.00	1.00	1
MOHAVE/BORREGO	1.00	1.00	1
MOINCA	1.00	1.00	1
MOINCA (EF)	1.00	1.00	1
MONDEO	1.00	1.00	1
MULTIVAN	1.00	1.00	1
MURANO	1.00	1.00	1
MUSTANG	1.00	1.00	1
MU-X	1.00	1.00	1
MX-5	1.00	1.00	1
MX6	1.00	1.00	1
M级	1.00	1.00	1
N1	1.00	1.00	1
N107	1.00	1.00	1
N108	1.00	1.00	1
N111	1.00	1.00	1
N111P	1.00	1.00	1
N120	1.00	1.00	1
N1LP	1.00	1.00	1
N2	1.00	1.00	1
N200	1.00	1.00	1
N300	1.00	1.00	1
N300P	1.00	1.00	1
N310	1.00	1.00	1
N400	1.00	1.00	1
N5	1.00	1.00	1
N7	1.00	1.00	1
NAVIGATOR	1.00	1.00	1
NC	1.00	1.00	1
NV200	1.00	1.00	1
NX	1.00	1.00	1
OCTAVIA	1.00	1.00	1
ODYSSEY	1.00	1.00	1
OMEGA	1.00	1.00	1
OPIRUS	1.00	1.00	1
OPTIMA	1.00	1.00	1
OTING	1.00	1.00	1
OTTIMO	1.00	1.00	1
OUTBACK	1.00	1.00	1
OUTLANDER	1.00	1.00	1
P11	1.00	1.00	1
PACEMAN	1.00	1.00	1
PAJERO	1.00	1.00	1
PALADIN	1.00	1.00	1
PALIO	1.00	1.00	1
PALIO WEEKEND	1.00	1.00	1
PANAMERA	1.00	1.00	1
PANDA	1.00	1.00	1
PARK AVENUE	1.00	1.00	1
PASSAT	1.00	1.00	1
PATRIOT	1.00	1.00	1
PATROL	1.00	1.00	1
PEGASUS	1.00	1.00	1
PERLA	1.00	1.00	1
PHAETON	1.00	1.00	1
PHANTOM	1.00	1.00	1
PHEV	1.00	1.00	1
PHIDEON	1.00	1.00	1
PICKUP	1.00	1.00	1
PN TRUCK	1.00	1.00	1
PN货车	1.00	1.00	1
POLO	1.00	1.00	1
PREMACY	1.00	1.00	1
PREVIA	1.00	1.00	1
PRIUS	1.00	1.00	1
PT	1.00	1.00	1
PT CRUISER	1.00	1.00	1
PT 漫步者	1.00	1.00	1
PUNTO	1.00	1.00	1
Q21	1.00	1.00	1
Q21D	1.00	1.00	1
Q21E	1.00	1.00	1
Q22	1.00	1.00	1
Q22B	1.00	1.00	1
Q22E	1.00	1.00	1
Q25	1.00	1.00	1
Q3	1.00	1.00	1
Q5	1.00	1.00	1
Q50	1.00	1.00	1
Q50L	1.00	1.00	1
Q6	1.00	1.00	1
Q60	1.00	1.00	1
Q60S	1.00	1.00	1
Q7	1.00	1.00	1
Q70	1.00	1.00	1
QASHQAI	1.00	1.00	1
QIBING	1.00	1.00	1
QIN	1.00	1.00	1
QOROS 3	1.00	1.00	1
QOROS 5	1.00	1.00	1
QQ	1.00	1.00	1
QQ3	1.00	1.00	1
QQ5	1.00	1.00	1
QQ6	1.00	1.00	1
QQME	1.00	1.00	1
QUATTROPORTE	1.00	1.00	1
QUEST	1.00	1.00	1
QX50	1.00	1.00	1
QX56	1.00	1.00	1
QX60	1.00	1.00	1
QX70	1.00	1.00	1
QX80	1.00	1.00	1
R171	1.00	1.00	1
R172	1.00	1.00	1
R230	1.00	1.00	1
R231	1.00	1.00	1
R30	1.00	1.00	1
R35	1.00	1.00	1
R50	1.00	1.00	1
R50X	1.00	1.00	1
R52	1.00	1.00	1
R53	1.00	1.00	1
R55	1.00	1.00	1
R56	1.00	1.00	1
R57	1.00	1.00	1
R58	1.00	1.00	1
R59	1.00	1.00	1
R60	1.00	1.00	1
R61	1.00	1.00	1
R8	1.00	1.00	1
RA6	1.00	1.00	1
RAETON	1.00	1.00	1
RANGE ROVER	1.00	1.00	1
RANGE ROVER EVOQUE	1.00	1.00	1
RAPID	1.00	1.00	1
RAPID SPACEBACK	1.00	1.00	1
RAV4	1.00	1.00	1
RB1	1.00	1.00	1
RB3	1.00	1.00	1
RC	1.00	1.00	1
RC F	1.00	1.00	1
RC3	1.00	1.00	1
R-CLASS	1.00	1.00	1
RCZ	1.00	1.00	1
RDX	1.00	1.00	1
REGAL	1.00	1.00	1
REIZ	1.00	1.00	1
REXTON	1.00	1.00	1
REXTON W	1.00	1.00	1
RIO	1.00	1.00	1
RL	1.00	1.00	1
RLX	1.00	1.00	1
ROADSTER	1.00	1.00	1
RODEO	1.00	1.00	1
RODIUS	1.00	1.00	1
ROEWE 350	1.00	1.00	1
ROEWE 360	1.00	1.00	1
ROEWE 550	1.00	1.00	1
ROEWE 750	1.00	1.00	1
ROEWE 950	1.00	1.00	1
ROEWE E550	1.00	1.00	1
ROEWE E950	1.00	1.00	1
ROEWE W5	1.00	1.00	1
ROHENS	1.00	1.00	1
ROHENS COUPE	1.00	1.00	1
RONGDA	1.00	1.00	1
ROYAUM	1.00	1.00	1
RP	1.00	1.00	1
RS5	1.00	1.00	1
RS7	1.00	1.00	1
RUI LING	1.00	1.00	1
RUIQI KICKUP	1.00	1.00	1
RX	1.00	1.00	1
RX8	1.00	1.00	1
RX-8	1.00	1.00	1
R级	1.00	1.00	1
S.CROSS	1.00	1.00	1
S11	1.00	1.00	1
S15	1.00	1.00	1
S16	1.00	1.00	1
S18	1.00	1.00	1
S18C	1.00	1.00	1
S18D	1.00	1.00	1
S204	1.00	1.00	1
S205	1.00	1.00	1
S21	1.00	1.00	1
S22	1.00	1.00	1
S3	1.00	1.00	1
S30	1.00	1.00	1
S350	1.00	1.00	1
S40	1.00	1.00	1
S5	1.00	1.00	1
S50	1.00	1.00	1
S500	1.00	1.00	1
S51	1.00	1.00	1
S6	1.00	1.00	1
S60	1.00	1.00	1
S60L	1.00	1.00	1
S7	1.00	1.00	1
S8	1.00	1.00	1
S80	1.00	1.00	1
S80L	1.00	1.00	1
S90	1.00	1.00	1
SAFARI	1.00	1.00	1
SAFE	1.00	1.00	1
SAGITAR	1.00	1.00	1
SAIBAO III	1.00	1.00	1
SAIBAO V	1.00	1.00	1
SAIKU	1.00	1.00	1
SAIL	1.00	1.00	1
SAIMA	1.00	1.00	1
SANTA FE	1.00	1.00	1
SANTA FE (DM)	1.00	1.00	1
SC	1.00	1.00	1
SCENIC	1.00	1.00	1
SCIROCCO	1.00	1.00	1
S-CLASS	1.00	1.00	1
SE	1.00	1.00	1
SEBRING	1.00	1.00	1
SENOVA CC	1.00	1.00	1
SENOVA D20	1.00	1.00	1
SENOVA D50	1.00	1.00	1
SENOVA D60	1.00	1.00	1
SENOVA D70	1.00	1.00	1
SENOVA D80	1.00	1.00	1
SENOVA X65	1.00	1.00	1
SEQUOIA	1.00	1.00	1
SHARAN	1.00	1.00	1
SHENGSHI	1.00	1.00	1
SHUMA	1.00	1.00	1
SIENA	1.00	1.00	1
SIENNA	1.00	1.00	1
SING	1.00	1.00	1
SIRUI	1.00	1.00	1
SL-CLASS	1.00	1.00	1
SLK-CLASS	1.00	1.00	1
SLK级	1.00	1.00	1
SLS	1.00	1.00	1
SLS AMG	1.00	1.00	1
SLS级	1.00	1.00	1
SLS级AMG	1.00	1.00	1
SL级	1.00	1.00	1
S-MAX	1.00	1.00	1
SONATA	1.00	1.00	1
SONATA  (EF)	1.00	1.00	1
SONATA (LF)	1.00	1.00	1
SONATA (NF)	1.00	1.00	1
SONATA (NFC)	1.00	1.00	1
SONATA (YF)	1.00	1.00	1
SONG	1.00	1.00	1
SORENTO	1.00	1.00	1
SOUL	1.00	1.00	1
SOVERAN	1.00	1.00	1
SPARK	1.00	1.00	1
SPIRIOR	1.00	1.00	1
SPLASH	1.00	1.00	1
SPORTAGE	1.00	1.00	1
SPORTAGE R	1.00	1.00	1
SPRINGO	1.00	1.00	1
SPRINTER	1.00	1.00	1
SPYDER	1.00	1.00	1
SQ5	1.00	1.00	1
SRX	1.00	1.00	1
STREAM	1.00	1.00	1
S-TYPE	1.00	1.00	1
SUCCE	1.00	1.00	1
SUNNY	1.00	1.00	1
SUPERB	1.00	1.00	1
SUPERB COMBI	1.00	1.00	1
SURUI	1.00	1.00	1
SWIFT	1.00	1.00	1
SWIFT SPORT	1.00	1.00	1
SX4	1.00	1.00	1
SYLPHY	1.00	1.00	1
S级	1.00	1.00	1
T11	1.00	1.00	1
T205-D	1.00	1.00	1
T21	1.00	1.00	1
T3	1.00	1.00	1
T30	1.00	1.00	1
T31Z	1.00	1.00	1
T32Z	1.00	1.00	1
T5	1.00	1.00	1
T7	1.00	1.00	1
T70	1.00	1.00	1
T70X	1.00	1.00	1
TALISMAN	1.00	1.00	1
TANG	1.00	1.00	1
TAURUS	1.00	1.00	1
TB	1.00	1.00	1
TEANA	1.00	1.00	1
TENGDA	1.00	1.00	1
TERIOS	1.00	1.00	1
TERRACAN	1.00	1.00	1
TF	1.00	1.00	1
TG4	1.00	1.00	1
TG5	1.00	1.00	1
TG6	1.00	1.00	1
TIGGO	1.00	1.00	1
TIGUAN	1.00	1.00	1
TIIDA	1.00	1.00	1
TIVOLAN	1.00	1.00	1
TIVOLI XLV	1.00	1.00	1
TL	1.00	1.00	1
TLX	1.00	1.00	1
TONG YUE	1.00	1.00	1
TONG YUE RS	1.00	1.00	1
TOUAREG	1.00	1.00	1
TOURAN	1.00	1.00	1
TOURNEO	1.00	1.00	1
TOWN CAR	1.00	1.00	1
TQ	1.00	1.00	1
TRANSIT	1.00	1.00	1
TRAX	1.00	1.00	1
TRIBECA	1.00	1.00	1
TRUMPCH	1.00	1.00	1
TRUMPCHI GA3	1.00	1.00	1
TRUMPCHI GA3S	1.00	1.00	1
TRUMPCHI GA5	1.00	1.00	1
TRUMPCHI GA6	1.00	1.00	1
TRUMPCHI GA8	1.00	1.00	1
TRUMPCHI GS4	1.00	1.00	1
TRUMPCHI GS5	1.00	1.00	1
TRUMPCHI GS5 SUPER	1.00	1.00	1
TRUMPCHI GS8	1.00	1.00	1
TT	1.00	1.00	1
TTS	1.00	1.00	1
TUCSON	1.00	1.00	1
TUN	1.00	1.00	1
TUNDRA	1.00	1.00	1
U7	1.00	1.00	1
UA6	1.00	1.00	1
UA8	1.00	1.00	1
UN	1.00	1.00	1
UP	1.00	1.00	1
URV	1.00	1.00	1
UR-V	1.00	1.00	1
V212	1.00	1.00	1
V251	1.00	1.00	1
V3	1.00	1.00	1
V35	1.00	1.00	1
V36	1.00	1.00	1
V37	1.00	1.00	1
V37Z	1.00	1.00	1
V40	1.00	1.00	1
V5	1.00	1.00	1
V6	1.00	1.00	1
V60	1.00	1.00	1
V80	1.00	1.00	1
VARIANT	1.00	1.00	1
VECTRA	1.00	1.00	1
VEL SATIS	1.00	1.00	1
VELA	1.00	1.00	1
VELOSTER	1.00	1.00	1
VENZA	1.00	1.00	1
VERACRUZ	1.00	1.00	1
VERANO	1.00	1.00	1
VERNA	1.00	1.00	1
VERYCA	1.00	1.00	1
VEZEL	1.00	1.00	1
VIAGGIO	1.00	1.00	1
VIANO	1.00	1.00	1
VIOS	1.00	1.00	1
VISION	1.00	1.00	1
VITARA	1.00	1.00	1
VITO	1.00	1.00	1
VIZI	1.00	1.00	1
VN10C	1.00	1.00	1
VN10J	1.00	1.00	1
VN10K	1.00	1.00	1
VN11J	1.00	1.00	1
VOLT	1.00	1.00	1
VQ	1.00	1.00	1
W163	1.00	1.00	1
W164	1.00	1.00	1
W166	1.00	1.00	1
W168	1.00	1.00	1
W169	1.00	1.00	1
W176	1.00	1.00	1
W203	1.00	1.00	1
W204	1.00	1.00	1
W205	1.00	1.00	1
W211	1.00	1.00	1
W212	1.00	1.00	1
W213	1.00	1.00	1
W220	1.00	1.00	1
W221	1.00	1.00	1
W222	1.00	1.00	1
W245	1.00	1.00	1
W246	1.00	1.00	1
W451	1.00	1.00	1
W453	1.00	1.00	1
W463	1.00	1.00	1
W636	1.00	1.00	1
W639	1.00	1.00	1
W906	1.00	1.00	1
WAGON R	1.00	1.00	1
WAGON R X5	1.00	1.00	1
WANGZI	1.00	1.00	1
WEIZHI	1.00	1.00	1
WINGLE	1.00	1.00	1
WRAITH	1.00	1.00	1
WRANGLER	1.00	1.00	1
X1	1.00	1.00	1
X150	1.00	1.00	1
X152	1.00	1.00	1
X156	1.00	1.00	1
X164	1.00	1.00	1
X166	1.00	1.00	1
X204	1.00	1.00	1
X218	1.00	1.00	1
X250	1.00	1.00	1
X253	1.00	1.00	1
X260	1.00	1.00	1
X3	1.00	1.00	1
X350	1.00	1.00	1
X351	1.00	1.00	1
X4	1.00	1.00	1
X400	1.00	1.00	1
X5	1.00	1.00	1
X50	1.00	1.00	1
X6	1.00	1.00	1
X60	1.00	1.00	1
X760	1.00	1.00	1
X761	1.00	1.00	1
X80	1.00	1.00	1
XC CLASSIC	1.00	1.00	1
XC60	1.00	1.00	1
XC90	1.00	1.00	1
XE	1.00	1.00	1
XENIA	1.00	1.00	1
XF	1.00	1.00	1
XFL	1.00	1.00	1
XIALI	1.00	1.00	1
XING LANG	1.00	1.00	1
XING RUI	1.00	1.00	1
XING WANG	1.00	1.00	1
XINGSHUN	1.00	1.00	1
XIWANG	1.00	1.00	1
XJ	1.00	1.00	1
XK	1.00	1.00	1
XLR	1.00	1.00	1
XRV	1.00	1.00	1
XR-V	1.00	1.00	1
XSARA	1.00	1.00	1
XSARA PICASSO	1.00	1.00	1
XT5	1.00	1.00	1
X-TRAIL	1.00	1.00	1
XTS	1.00	1.00	1
X-TYPE	1.00	1.00	1
XV	1.00	1.00	1
Y50	1.00	1.00	1
Y51	1.00	1.00	1
YARIS	1.00	1.00	1
YARIS L	1.00	1.00	1
YD2	1.00	1.00	1
YD4	1.00	1.00	1
YETI	1.00	1.00	1
YU HU	1.00	1.00	1
YUE LING	1.00	1.00	1
YUE YUE	1.00	1.00	1
Z33	1.00	1.00	1
Z34	1.00	1.00	1
Z4	1.00	1.00	1
Z62	1.00	1.00	1
ZAFIRA	1.00	1.00	1
ZDX	1.00	1.00	1
ZELAS	1.00	1.00	1
ZF1	1.00	1.00	1
ZHONGYI MINI-TRUCK	1.00	1.00	1
ZHONGYI V5	1.00	1.00	1
ZINGER	1.00	1.00	1
阿特兹	1.00	1.00	1
埃尔法	1.00	1.00	1
艾力绅	1.00	1.00	1
艾瑞泽	1.00	1.00	1
爱迪尔	1.00	1.00	1
爱卡	1.00	1.00	1
爱丽舍	1.00	1.00	1
爱尚	1.00	1.00	1
爱腾	1.00	1.00	1
爱唯欧	1.00	1.00	1
安德拉	1.00	1.00	1
昂科拉	1.00	1.00	1
昂科雷	1.00	1.00	1
昂科威	1.00	1.00	1
昂克赛拉	1.00	1.00	1
翱龙	1.00	1.00	1
翱龙CUV	1.00	1.00	1
傲虎	1.00	1.00	1
傲骏	1.00	1.00	1
傲跑	1.00	1.00	1
奥德赛	1.00	1.00	1
奥丁	1.00	1.00	1
奥拓	1.00	1.00	1
奥轩G3	1.00	1.00	1
奥轩G5	1.00	1.00	1
奥轩GX5	1.00	1.00	1
霸锐	1.00	1.00	1
百利	1.00	1.00	1
宝典	1.00	1.00	1
宝骏310	1.00	1.00	1
宝骏330	1.00	1.00	1
宝骏510	1.00	1.00	1
宝骏560	1.00	1.00	1
宝骏610	1.00	1.00	1
宝骏630	1.00	1.00	1
宝骏730	1.00	1.00	1
宝来	1.00	1.00	1
宝利格	1.00	1.00	1
宝威	1.00	1.00	1
豹风	1.00	1.00	1
豹风GT	1.00	1.00	1
北斗星	1.00	1.00	1
北斗星X5	1.00	1.00	1
奔奔	1.00	1.00	1
奔奔I	1.00	1.00	1
奔奔LOVE	1.00	1.00	1
奔奔MINI	1.00	1.00	1
奔跑者	1.00	1.00	1
毕加索	1.00	1.00	1
碧莲	1.00	1.00	1
宾悦	1.00	1.00	1
缤智	1.00	1.00	1
铂锐	1.00	1.00	1
博瑞	1.00	1.00	1
博斯特	1.00	1.00	1
博悦	1.00	1.00	1
博越	1.00	1.00	1
财运	1.00	1.00	1
昌铃	1.00	1.00	1
超级维特拉	1.00	1.00	1
晨风	1.00	1.00	1
成功K1	1.00	1.00	1
成功K2	1.00	1.00	1
成功V1	1.00	1.00	1
成功V2	1.00	1.00	1
成功X1	1.00	1.00	1
城市	1.00	1.00	1
驰鹏	1.00	1.00	1
传祺GA3	1.00	1.00	1
传祺GA3S视界	1.00	1.00	1
传祺GA5	1.00	1.00	1
传祺GA6	1.00	1.00	1
传祺GA8	1.00	1.00	1
传祺GS4	1.00	1.00	1
传祺GS5	1.00	1.00	1
传祺GS5速博	1.00	1.00	1
传祺GS8	1.00	1.00	1
创酷	1.00	1.00	1
大7 MPV	1.00	1.00	1
大7 SUV	1.00	1.00	1
大柴神	1.00	1.00	1
大风景	1.00	1.00	1
大脚兽	1.00	1.00	1
大捷龙	1.00	1.00	1
大迈X5	1.00	1.00	1
大切诺基	1.00	1.00	1
得利卡	1.00	1.00	1
帝威	1.00	1.00	1
蒂维拉	1.00	1.00	1
东方之子	1.00	1.00	1
东风A9	1.00	1.00	1
东风皮卡	1.00	1.00	1
发现	1.00	1.00	1
发现神行	1.00	1.00	1
飞度	1.00	1.00	1
飞铃	1.00	1.00	1
飞思	1.00	1.00	1
飞腾	1.00	1.00	1
飞扬	1.00	1.00	1
菲翔	1.00	1.00	1
菲跃	1.00	1.00	1
丰顺	1.00	1.00	1
风迪思	1.00	1.00	1
风光330	1.00	1.00	1
风光360	1.00	1.00	1
风光370	1.00	1.00	1
风行CM7	1.00	1.00	1
风行S500	1.00	1.00	1
风华	1.00	1.00	1
风景	1.00	1.00	1
风骏	1.00	1.00	1
风朗	1.00	1.00	1
风尚	1.00	1.00	1
风雅	1.00	1.00	1
风云	1.00	1.00	1
锋范	1.00	1.00	1
锋驭	1.00	1.00	1
锋哲	1.00	1.00	1
福家	1.00	1.00	1
福卡	1.00	1.00	1
福克斯	1.00	1.00	1
福莱尔	1.00	1.00	1
福美来	1.00	1.00	1
福瑞达	1.00	1.00	1
福瑞达M50	1.00	1.00	1
福瑞达M50S	1.00	1.00	1
福瑞迪	1.00	1.00	1
福睿斯	1.00	1.00	1
福仕达鸿达	1.00	1.00	1
福仕达荣达	1.00	1.00	1
福仕达腾达	1.00	1.00	1
福顺	1.00	1.00	1
福运	1.00	1.00	1
富康	1.00	1.00	1
富利卡	1.00	1.00	1
改款	1.00	1.00	1
高尔	1.00	1.00	1
高尔夫	1.00	1.00	1
戈蓝	1.00	1.00	1
哥瑞	1.00	1.00	1
歌诗图	1.00	1.00	1
格蓝迪	1.00	1.00	1
格锐	1.00	1.00	1
格越	1.00	1.00	1
古思特	1.00	1.00	1
观致3	1.00	1.00	1
观致5	1.00	1.00	1
冠道	1.00	1.00	1
贵士	1.00	1.00	1
海福星	1.00	1.00	1
海格H5C	1.00	1.00	1
海格H5V	1.00	1.00	1
海格H6C	1.00	1.00	1
海格H6V	1.00	1.00	1
海格H7V	1.00	1.00	1
海景	1.00	1.00	1
海马3	1.00	1.00	1
海马爱尚	1.00	1.00	1
海马骑士S3	1.00	1.00	1
海马王子	1.00	1.00	1
海狮	1.00	1.00	1
汉兰达	1.00	1.00	1
撼路者	1.00	1.00	1
豪情	1.00	1.00	1
昊锐	1.00	1.00	1
和悦	1.00	1.00	1
和悦A13	1.00	1.00	1
和悦A13RS	1.00	1.00	1
和悦A30	1.00	1.00	1
黑金刚	1.00	1.00	1
红杉	1.00	1.00	1
虎视	1.00	1.00	1
花冠	1.00	1.00	1
华泰B11	1.00	1.00	1
华泰IEV230	1.00	1.00	1
欢动	1.00	1.00	1
幻速H2	1.00	1.00	1
幻速H3	1.00	1.00	1
幻速S2	1.00	1.00	1
幻速S3	1.00	1.00	1
幻速S6	1.00	1.00	1
幻影	1.00	1.00	1
皇冠	1.00	1.00	1
辉昂	1.00	1.00	1
辉腾	1.00	1.00	1
辉翼	1.00	1.00	1
吉博力	1.00	1.00	1
吉利EC8	1.00	1.00	1
吉利GC7	1.00	1.00	1
吉利GX2	1.00	1.00	1
吉利GX7	1.00	1.00	1
吉利SC3	1.00	1.00	1
吉利SC5-RV	1.00	1.00	1
吉利SX7	1.00	1.00	1
吉姆尼	1.00	1.00	1
佳宝	1.00	1.00	1
佳宝T50	1.00	1.00	1
佳宝T51	1.00	1.00	1
佳宝T57	1.00	1.00	1
佳宝V52	1.00	1.00	1
佳宝V55	1.00	1.00	1
佳宝V70	1.00	1.00	1
佳宝V75	1.00	1.00	1
佳宝V77	1.00	1.00	1
佳宝V80	1.00	1.00	1
佳乐	1.00	1.00	1
嘉华	1.00	1.00	1
嘉旅	1.00	1.00	1
嘉年华	1.00	1.00	1
嘉誉	1.00	1.00	1
甲壳虫	1.00	1.00	1
江淮IEV	1.00	1.00	1
江淮K3	1.00	1.00	1
江淮K5	1.00	1.00	1
江南T11	1.00	1.00	1
江南TT	1.00	1.00	1
交叉火力	1.00	1.00	1
角斗士	1.00	1.00	1
杰德	1.00	1.00	1
杰虎	1.00	1.00	1
杰路驰	1.00	1.00	1
杰勋	1.00	1.00	1
捷达	1.00	1.00	1
捷恩斯	1.00	1.00	1
解放T80	1.00	1.00	1
金迪尔	1.00	1.00	1
金刚	1.00	1.00	1
金牛座	1.00	1.00	1
金鹰	1.00	1.00	1
劲畅	1.00	1.00	1
劲情	1.00	1.00	1
劲取	1.00	1.00	1
劲炫	1.00	1.00	1
经典	1.00	1.00	1
晶锐	1.00	1.00	1
景程	1.00	1.00	1
景逸	1.00	1.00	1
竞技者	1.00	1.00	1
竞瑞	1.00	1.00	1
竞速	1.00	1.00	1
竞悦	1.00	1.00	1
旧款	1.00	1.00	1
君阁	1.00	1.00	1
君爵	1.00	1.00	1
君威	1.00	1.00	1
君越	1.00	1.00	1
俊风	1.00	1.00	1
俊风CV03	1.00	1.00	1
骏捷	1.00	1.00	1
骏派	1.00	1.00	1
骏逸	1.00	1.00	1
骏意	1.00	1.00	1
卡缤	1.00	1.00	1
卡罗拉	1.00	1.00	1
卡曼	1.00	1.00	1
卡宴	1.00	1.00	1
卡宴/凯宴	1.00	1.00	1
开迪	1.00	1.00	1
凯雷德	1.00	1.00	1
凯领	1.00	1.00	1
凯路威	1.00	1.00	1
凯美瑞	1.00	1.00	1
凯门	1.00	1.00	1
凯睿	1.00	1.00	1
凯宴	1.00	1.00	1
凯翼C3	1.00	1.00	1
凯翼C3R	1.00	1.00	1
凯翼V3	1.00	1.00	1
凯翼X3	1.00	1.00	1
凯越	1.00	1.00	1
凯泽西	1.00	1.00	1
凯尊	1.00	1.00	1
康恩迪	1.00	1.00	1
柯兰多	1.00	1.00	1
柯斯达	1.00	1.00	1
科雷傲	1.00	1.00	1
科雷嘉	1.00	1.00	1
科鲁兹	1.00	1.00	1
科迈罗	1.00	1.00	1
科帕奇	1.00	1.00	1
科沃兹	1.00	1.00	1
酷宝	1.00	1.00	1
酷搏	1.00	1.00	1
酷路泽	1.00	1.00	1
酷派	1.00	1.00	1
酷威	1.00	1.00	1
酷熊	1.00	1.00	1
拉古那	1.00	1.00	1
兰德酷路泽	1.00	1.00	1
蓝鸟	1.00	1.00	1
蓝瑟	1.00	1.00	1
揽胜	1.00	1.00	1
揽胜极光	1.00	1.00	1
朗动	1.00	1.00	1
朗行	1.00	1.00	1
朗境	1.00	1.00	1
朗逸	1.00	1.00	1
浪迪	1.00	1.00	1
劳恩斯	1.00	1.00	1
劳恩斯-酷派	1.00	1.00	1
老款	1.00	1.00	1
乐骋	1.00	1.00	1
乐驰	1.00	1.00	1
乐风	1.00	1.00	1
乐风RV	1.00	1.00	1
乐途	1.00	1.00	1
雷凌	1.00	1.00	1
雷斯特	1.00	1.00	1
雷斯特W	1.00	1.00	1
骊威	1.00	1.00	1
里程	1.00	1.00	1
理念S1	1.00	1.00	1
力帆320	1.00	1.00	1
力帆330	1.00	1.00	1
力帆520	1.00	1.00	1
力帆520I	1.00	1.00	1
力帆530	1.00	1.00	1
力帆620	1.00	1.00	1
力帆630	1.00	1.00	1
力帆720	1.00	1.00	1
力帆820	1.00	1.00	1
力帆T11	1.00	1.00	1
力帆T21	1.00	1.00	1
力帆X50	1.00	1.00	1
力帆X60	1.00	1.00	1
力狮	1.00	1.00	1
利亚纳	1.00	1.00	1
莲花L3	1.00	1.00	1
莲花L5	1.00	1.00	1
林荫大道	1.00	1.00	1
凌傲	1.00	1.00	1
凌渡	1.00	1.00	1
凌铃	1.00	1.00	1
凌派	1.00	1.00	1
凌特	1.00	1.00	1
菱利	1.00	1.00	1
菱绅	1.00	1.00	1
菱仕	1.00	1.00	1
菱帅	1.00	1.00	1
菱悦	1.00	1.00	1
菱致	1.00	1.00	1
菱智	1.00	1.00	1
羚羊	1.00	1.00	1
领动	1.00	1.00	1
领航员	1.00	1.00	1
领翔	1.00	1.00	1
领雅	1.00	1.00	1
龙锐	1.00	1.00	1
龙威	1.00	1.00	1
楼兰	1.00	1.00	1
陆霸	1.00	1.00	1
陆地巡洋舰	1.00	1.00	1
陆风X5	1.00	1.00	1
陆风X6	1.00	1.00	1
陆风X7	1.00	1.00	1
陆风X8	1.00	1.00	1
陆风X9	1.00	1.00	1
陆铃	1.00	1.00	1
陆铃速骏	1.00	1.00	1
陆尊	1.00	1.00	1
路宝	1.00	1.00	1
路帝	1.00	1.00	1
路盛	1.00	1.00	1
路盛E70	1.00	1.00	1
路盛E80	1.00	1.00	1
路尊	1.00	1.00	1
路尊大霸王	1.00	1.00	1
马自达2	1.00	1.00	1
马自达3	1.00	1.00	1
马自达5	1.00	1.00	1
马自达6	1.00	1.00	1
马自达8	1.00	1.00	1
玛驰	1.00	1.00	1
迈凯	1.00	1.00	1
迈锐宝	1.00	1.00	1
迈锐宝XL	1.00	1.00	1
迈特威	1.00	1.00	1
迈腾	1.00	1.00	1
麦柯斯	1.00	1.00	1
麦瑞纳	1.00	1.00	1
漫步者	1.00	1.00	1
梅甘娜	1.00	1.00	1
美佳	1.00	1.00	1
美人豹	1.00	1.00	1
美日	1.00	1.00	1
魅影	1.00	1.00	1
蒙迪欧	1.00	1.00	1
猛禽	1.00	1.00	1
猛士	1.00	1.00	1
民意	1.00	1.00	1
名图	1.00	1.00	1
名驭	1.00	1.00	1
明锐	1.00	1.00	1
明仕	1.00	1.00	1
牧马人	1.00	1.00	1
纳5	1.00	1.00	1
欧菲莱斯	1.00	1.00	1
欧捷利	1.00	1.00	1
欧蓝德	1.00	1.00	1
欧美佳	1.00	1.00	1
欧悦搏	1.00	1.00	1
帕杰罗	1.00	1.00	1
帕拉丁	1.00	1.00	1
帕拉梅拉	1.00	1.00	1
帕萨特	1.00	1.00	1
帕萨特领驭	1.00	1.00	1
派朗	1.00	1.00	1
派力奥	1.00	1.00	1
派喜	1.00	1.00	1
朋多	1.00	1.00	1
普拉多	1.00	1.00	1
普力马	1.00	1.00	1
普锐斯	1.00	1.00	1
普瑞维亚	1.00	1.00	1
奇兵	1.00	1.00	1
奇兵(6481)	1.00	1.00	1
奇骏	1.00	1.00	1
骐达	1.00	1.00	1
骐铃	1.00	1.00	1
骐菱	1.00	1.00	1
骑士	1.00	1.00	1
旗舰	1.00	1.00	1
旗胜	1.00	1.00	1
旗胜F1	1.00	1.00	1
旗胜V3	1.00	1.00	1
旗云	1.00	1.00	1
启腾EX80	1.00	1.00	1
启腾M70	1.00	1.00	1
启腾V60	1.00	1.00	1
启悦	1.00	1.00	1
千里马	1.00	1.00	1
秦	1.00	1.00	1
丘比特	1.00	1.00	1
丘比特M2	1.00	1.00	1
全顺	1.00	1.00	1
全新	1.00	1.00	1
全新胜达	1.00	1.00	1
荣放	1.00	1.00	1
荣威350	1.00	1.00	1
荣威360	1.00	1.00	1
荣威550	1.00	1.00	1
荣威750	1.00	1.00	1
荣威950	1.00	1.00	1
荣威E550	1.00	1.00	1
荣威E950	1.00	1.00	1
荣威W5	1.00	1.00	1
荣御	1.00	1.00	1
锐行	1.00	1.00	1
锐界	1.00	1.00	1
锐铃	1.00	1.00	1
锐欧	1.00	1.00	1
锐骐	1.00	1.00	1
锐骐多功能车	1.00	1.00	1
锐骐皮卡	1.00	1.00	1
锐腾	1.00	1.00	1
锐志	1.00	1.00	1
瑞风	1.00	1.00	1
瑞虎	1.00	1.00	1
瑞铃	1.00	1.00	1
瑞迈	1.00	1.00	1
瑞纳	1.00	1.00	1
瑞纳/瑞奕/悦纳	1.00	1.00	1
瑞途	1.00	1.00	1
瑞奕	1.00	1.00	1
瑞鹰	1.00	1.00	1
睿骋	1.00	1.00	1
睿翼	1.00	1.00	1
塞纳	1.00	1.00	1
赛豹	1.00	1.00	1
赛豹III	1.00	1.00	1
赛豹V	1.00	1.00	1
赛飞利	1.00	1.00	1
赛弗	1.00	1.00	1
赛骏	1.00	1.00	1
赛酷	1.00	1.00	1
赛拉图	1.00	1.00	1
赛马	1.00	1.00	1
赛纳	1.00	1.00	1
赛欧	1.00	1.00	1
赛威	1.00	1.00	1
赛影	1.00	1.00	1
桑塔纳	1.00	1.00	1
森林人	1.00	1.00	1
森雅	1.00	1.00	1
尚酷	1.00	1.00	1
尚悦	1.00	1.00	1
绅宝CC	1.00	1.00	1
绅宝D20	1.00	1.00	1
绅宝D50	1.00	1.00	1
绅宝D60	1.00	1.00	1
绅宝D70	1.00	1.00	1
绅宝D80	1.00	1.00	1
绅宝X65	1.00	1.00	1
神行者	1.00	1.00	1
圣达菲	1.00	1.00	1
胜达	1.00	1.00	1
盛世	1.00	1.00	1
狮跑	1.00	1.00	1
时韵	1.00	1.00	1
世纪	1.00	1.00	1
世纪星	1.00	1.00	1
世嘉	1.00	1.00	1
帅豹	1.00	1.00	1
帅驰	1.00	1.00	1
帅舰	1.00	1.00	1
帅客	1.00	1.00	1
帅铃	1.00	1.00	1
帅铃T6	1.00	1.00	1
帅凌	1.00	1.00	1
帅威	1.00	1.00	1
思铂睿	1.00	1.00	1
思迪	1.00	1.00	1
思铭	1.00	1.00	1
思锐	1.00	1.00	1
思威	1.00	1.00	1
思威 CRV	1.00	1.00	1
思域	1.00	1.00	1
思域(FC1)	1.00	1.00	1
斯帕可	1.00	1.00	1
斯派德	1.00	1.00	1
宋	1.00	1.00	1
速迈	1.00	1.00	1
速派	1.00	1.00	1
速跑	1.00	1.00	1
速锐	1.00	1.00	1
速腾	1.00	1.00	1
速翼特	1.00	1.00	1
速尊	1.00	1.00	1
索兰托	1.00	1.00	1
索纳塔	1.00	1.00	1
索纳塔八	1.00	1.00	1
索纳塔九	1.00	1.00	1
塔利斯曼	1.00	1.00	1
坦途	1.00	1.00	1
探险者	1.00	1.00	1
唐	1.00	1.00	1
特拉卡	1.00	1.00	1
特锐	1.00	1.00	1
天籁	1.00	1.00	1
天语	1.00	1.00	1
挑战者	1.00	1.00	1
挑战者SUV	1.00	1.00	1
同悦	1.00	1.00	1
同悦RS	1.00	1.00	1
途安	1.00	1.00	1
途观	1.00	1.00	1
途欢	1.00	1.00	1
途乐	1.00	1.00	1
途凌	1.00	1.00	1
途锐	1.00	1.00	1
途睿欧	1.00	1.00	1
途胜	1.00	1.00	1
途威	1.00	1.00	1
途威/途欢	1.00	1.00	1
王子	1.00	1.00	1
威驰	1.00	1.00	1
威达	1.00	1.00	1
威虎	1.00	1.00	1
威虎G3	1.00	1.00	1
威虎TUV	1.00	1.00	1
威客VQ	1.00	1.00	1
威朗	1.00	1.00	1
威乐	1.00	1.00	1
威飒	1.00	1.00	1
威赛帝	1.00	1.00	1
威霆	1.00	1.00	1
威志	1.00	1.00	1
威姿	1.00	1.00	1
唯雅诺	1.00	1.00	1
维拉克斯	1.00	1.00	1
维特拉	1.00	1.00	1
纬度	1.00	1.00	1
卫士	1.00	1.00	1
蔚揽	1.00	1.00	1
蔚领	1.00	1.00	1
沃蓝达	1.00	1.00	1
无限	1.00	1.00	1
五菱宏光	1.00	1.00	1
五菱鸿途	1.00	1.00	1
五菱龙	1.00	1.00	1
五菱荣光	1.00	1.00	1
五菱荣光S	1.00	1.00	1
五菱荣光V	1.00	1.00	1
五菱小旋风	1.00	1.00	1
五菱兴旺	1.00	1.00	1
五菱扬光	1.00	1.00	1
五菱征程	1.00	1.00	1
五菱之光	1.00	1.00	1
西玛	1.00	1.00	1
西耶那	1.00	1.00	1
希旺	1.00	1.00	1
夏朗	1.00	1.00	1
夏利	1.00	1.00	1
享御	1.00	1.00	1
逍客	1.00	1.00	1
小霸王	1.00	1.00	1
小柴神	1.00	1.00	1
小老虎	1.00	1.00	1
昕动	1.00	1.00	1
昕锐	1.00	1.00	1
新款	1.00	1.00	1
新蓝鸟	1.00	1.00	1
新胜达	1.00	1.00	1
星骋	1.00	1.00	1
星朗	1.00	1.00	1
星锐	1.00	1.00	1
星旺	1.00	1.00	1
兴顺	1.00	1.00	1
熊猫	1.00	1.00	1
秀尔	1.00	1.00	1
轩逸	1.00	1.00	1
炫丽	1.00	1.00	1
炫威	1.00	1.00	1
炫威 XRV	1.00	1.00	1
雅	1.00	1.00	1
雅阁	1.00	1.00	1
雅科仕	1.00	1.00	1
雅力士	1.00	1.00	1
雅绅特	1.00	1.00	1
雅特	1.00	1.00	1
雅尊	1.00	1.00	1
阳光	1.00	1.00	1
野帝	1.00	1.00	1
野马F10	1.00	1.00	1
野马F12	1.00	1.00	1
野马F16	1.00	1.00	1
野马F99	1.00	1.00	1
野马T70	1.00	1.00	1
一代	1.00	1.00	1
伊比飒	1.00	1.00	1
伊柯丽斯	1.00	1.00	1
伊兰特	1.00	1.00	1
伊思坦纳	1.00	1.00	1
颐达	1.00	1.00	1
奕鸥	1.00	1.00	1
逸动	1.00	1.00	1
逸致	1.00	1.00	1
翼豹	1.00	1.00	1
翼搏	1.00	1.00	1
翼虎	1.00	1.00	1
翼神	1.00	1.00	1
音赛特	1.00	1.00	1
英朗	1.00	1.00	1
英伦C5	1.00	1.00	1
英伦TX4	1.00	1.00	1
英速亚	1.00	1.00	1
英致727	1.00	1.00	1
英致737	1.00	1.00	1
英致G3	1.00	1.00	1
勇士	1.00	1.00	1
优6 SUV	1.00	1.00	1
优劲	1.00	1.00	1
优利欧	1.00	1.00	1
优派	1.00	1.00	1
优胜	1.00	1.00	1
优胜2代	1.00	1.00	1
优雅	1.00	1.00	1
优雅2代	1.00	1.00	1
优翼	1.00	1.00	1
优优	1.00	1.00	1
优优2代	1.00	1.00	1
雨燕	1.00	1.00	1
域虎	1.00	1.00	1
御风	1.00	1.00	1
御骏	1.00	1.00	1
御翔	1.00	1.00	1
御轩	1.00	1.00	1
远舰	1.00	1.00	1
远景	1.00	1.00	1
悦动	1.00	1.00	1
悦纳	1.00	1.00	1
悦翔	1.00	1.00	1
悦翔V3	1.00	1.00	1
悦翔V5	1.00	1.00	1
悦翔V7	1.00	1.00	1
悦悦	1.00	1.00	1
跃族	1.00	1.00	1
越铃	1.00	1.00	1
云100	1.00	1.00	1
运动版	1.00	1.00	1
战旗	1.00	1.00	1
战旗皮卡	1.00	1.00	1
征服者	1.00	1.00	1
征途	1.00	1.00	1
芝麻E30	1.00	1.00	1
指挥官	1.00	1.00	1
指南者	1.00	1.00	1
志翔	1.00	1.00	1
致炫	1.00	1.00	1
致悦	1.00	1.00	1
智跑	1.00	1.00	1
中国龙	1.00	1.00	1
中华H220	1.00	1.00	1
中华H230	1.00	1.00	1
中华H320	1.00	1.00	1
中华H330	1.00	1.00	1
中华H530	1.00	1.00	1
中华V3	1.00	1.00	1
中华V5	1.00	1.00	1
中华豚	1.00	1.00	1
中兴C3	1.00	1.00	1
中兴GX3	1.00	1.00	1
中意	1.00	1.00	1
中意V5	1.00	1.00	1
中意微卡	1.00	1.00	1
众泰2008	1.00	1.00	1
众泰5008	1.00	1.00	1
众泰E200	1.00	1.00	1
众泰M300	1.00	1.00	1
众泰SR7	1.00	1.00	1
众泰T200	1.00	1.00	1
众泰T600	1.00	1.00	1
众泰V10	1.00	1.00	1
众泰Z100	1.00	1.00	1
众泰Z200	1.00	1.00	1
众泰Z200HB	1.00	1.00	1
众泰Z300	1.00	1.00	1
众泰Z500	1.00	1.00	1
众泰Z700	1.00	1.00	1
周末风	1.00	1.00	1
主席	1.00	1.00	1
自由光	1.00	1.00	1
自由舰	1.00	1.00	1
自由客	1.00	1.00	1
自由人	1.00	1.00	1
总裁	1.00	1.00	1
尊驰	1.00	1.00	1
